time_index,time_since_epoch_ns,fstate_size_min,fstate_size_max,fstate_size_mean,fstate_size_median,fstate_size_p95,fstate_size_count,fstate_installed_min,fstate_installed_max,fstate_installed_mean,fstate_installed_median,fstate_installed_p95,fstate_installed_count,fstate_markers_min,fstate_markers_max,fstate_markers_mean,fstate_markers_median,fstate_markers_p95,fstate_markers_count,fstate_neighbors_min,fstate_neighbors_max,fstate_neighbors_mean,fstate_neighbors_median,fstate_neighbors_p95,fstate_neighbors_count,strict_header_bytes_min,strict_header_bytes_max,strict_header_bytes_mean,strict_header_bytes_median,strict_header_bytes_p95,strict_header_bytes_count,srv6_srh_bytes_min,srv6_srh_bytes_max,srv6_srh_bytes_mean,srv6_srh_bytes_median,srv6_srh_bytes_p95,srv6_srh_bytes_count,delay_ms_min,delay_ms_max,delay_ms_mean,delay_ms_median,delay_ms_p95,delay_ms_count,delay_best_ms_min,delay_best_ms_max,delay_best_ms_mean,delay_best_ms_median,delay_best_ms_p95,delay_best_ms_count,delay_extra_ms_min,delay_extra_ms_max,delay_extra_ms_mean,delay_extra_ms_median,delay_extra_ms_p95,delay_extra_ms_count,stretch_hop_min,stretch_hop_max,stretch_hop_mean,stretch_hop_median,stretch_hop_p95,stretch_hop_count,stretch_dist_min,stretch_dist_max,stretch_dist_mean,stretch_dist_median,stretch_dist_p95,stretch_dist_count,stretch_hop_shared_min,stretch_hop_shared_max,stretch_hop_shared_mean,stretch_hop_shared_median,stretch_hop_shared_p95,stretch_hop_shared_count,stretch_dist_shared_min,stretch_dist_shared_max,stretch_dist_shared_mean,stretch_dist_shared_median,stretch_dist_shared_p95,stretch_dist_shared_count,stretch_hop_egress_min,stretch_hop_egress_max,stretch_hop_egress_mean,stretch_hop_egress_median,stretch_hop_egress_p95,stretch_hop_egress_count,stretch_dist_egress_min,stretch_dist_egress_max,stretch_dist_egress_mean,stretch_dist_egress_median,stretch_dist_egress_p95,stretch_dist_egress_count,delivery_total_pairs,delivery_no_src_visibility,delivery_no_dst_visibility,delivery_disconnected,delivery_deliverable,delivery_delivered,delivery_forwarding_failure,delivery_failure_loop,delivery_failure_dead_end,delivery_failure_link_down,delivery_failure_hop_limit,delivery_failure_egress_lost,delivery_delivery_rate,delivery_non_optimal_egress,delivery_non_optimal_egress_rate,delivery_source_selected_egress,delivery_switched_egress,delivery_switched_egress_rate,aux_geometry_build_ms,aux_geometry_row_edge_entries,aux_geometry_plane_edge_entries,aux_path_cost_row_entries,aux_path_cost_plane_entries,aux_geometry_derived,aux_geometry_required_entries,aux_gs_renumberings,aux_gs_address_additions,aux_gs_address_removals,aux_gs_current_address_changes,aux_flow_allocations,aux_flow_updates,aux_flow_update_messages,aux_exception_entries,aux_exception_satellites,aux_exception_unresolved,aux_exception_hops_to_failure_mean,aux_exception_hops_to_failure_max,aux_exception_entries_in_use,aux_exception_region_entries,aux_exception_region_max_per_satellite,aux_exception_entries_max_per_satellite,aux_exception_destinations,aux_exception_entries_on_flow_paths,aux_exception_unresolved_walks,aux_exception_rule_steps,aux_exception_shortest_path_runs,aux_exception_compute_ms,aux_live_isls,aux_decisions_per_sat_mean,aux_decisions_per_sat_max,aux_distance_evals_per_sat_mean,aux_distance_evals_per_sat_max,aux_cache_pairs_per_sat_mean,aux_cache_pairs_per_sat_max,aux_forwarding_exceptions_isolated,aux_forwarding_exceptions,aux_local_detour_entries,aux_pivot_cache_entries,aux_gs_attachment_requested,aux_gs_attachment_assigned,aux_gs_attachment_shortfall,aux_gs_fully_attached,aux_gs_attachment_conflicts_unconstrained,explicit_failover_count,explicit_failover_delivered_count,explicit_failover_delivered_rate,explicit_failover_protected_repair_count,explicit_failover_protected_repair_rate,explicit_failover_broken_adj_count,explicit_failover_broken_adj_rate,explicit_failover_egress_not_visible_count,explicit_failover_egress_not_visible_rate,explicit_failover_dynamic_egress_repair_count,explicit_failover_dynamic_egress_repair_rate,explicit_failover_dynamic_egress_unavailable_count,explicit_failover_dynamic_egress_unavailable_rate,failure_isls_removed,failure_satellites_down,failure_events,fixed_address_forwarding,compute_time_ms
0,0,0.0,8.0,3.3876262626262625,3.0,5.0,1584,0.0,24.0,23.96969696969697,24.0,24.0,1584,0.0,0.0,0.0,0.0,0.0,1584,0.0,8.0,3.3876262626262625,3.0,5.0,1584,0.0,0.0,0.0,0.0,0.0,0,0.0,0.0,0.0,0.0,0.0,0,3.906038264978634,158.83989742821583,64.59374067041638,65.77490991042987,107.52856595112027,552,3.906038264978634,160.00900309455346,68.85378670245818,68.91105115267382,119.5766812791303,552,-81.79025955260674,48.845834215526594,-4.260046032041788,2.210156977430044,32.530404524360065,552,1.0,1.4285714285714286,1.06910399927073,1.0,1.2666666666666666,552,1.0,1.7005855779254904,1.0749808151172648,1.001140795800318,1.337321239714922,552,0.2692307692307692,3.5,1.0928560503910547,1.1,1.8071428571428538,552,0.3378894059795646,4.522897061421059,1.073730606231889,1.0456075092308632,1.7164977225229179,552,0.2692307692307692,3.5,1.023843069137907,1.0,1.7064285714285703,552,0.3378894059795646,4.494424557078497,1.0010117483375613,1.0128030648994117,1.5800135724842148,552,552.0,0.0,0.0,0.0,552.0,552.0,0.0,0.0,0.0,0.0,0.0,0.0,1.0,285.0,0.5163043478260869,552.0,0.0,0.0,3151.888957247138,1584.0,1584.0,34848.0,114048.0,1.0,7.0,0.0,0.0,0.0,0.0,552.0,0.0,0.0,191406.0,1410.0,0.0,0.1647231539241194,2.0,5560.0,8628.0,41.0,1184.0,1582.0,437.0,0.0,2425115.0,1584.0,110048.50583709776,2496.0,24.0,24.0,298.90909090909093,360.0,72.5580808080808,96.0,48.0,2021.0,0.0,2503025.0,48.0,48.0,0.0,24.0,2.0,0.0,0.0,0.0,0.0,0.0,0.0,0.0,0.0,0.0,0.0,0.0,0.0,0.0,672.0,0.0,672.0,1.0,141518.67770403624
1,60000000000,0.0,7.0,3.382575757575758,3.0,5.0,1584,0.0,24.0,23.954545454545453,24.0,24.0,1584,0.0,0.0,0.0,0.0,0.0,1584,0.0,7.0,3.382575757575758,3.0,5.0,1584,0.0,0.0,0.0,0.0,0.0,0,0.0,0.0,0.0,0.0,0.0,0,6.058344022241298,192.82897854849813,82.61970275608537,80.59267043935556,148.50179925013558,552,4.138409646049201,146.50038334375708,68.23611229009214,67.95390996279917,122.07410685237564,552,-82.88707656618607,131.57786990072464,14.383590465993246,10.693071738943818,86.89698099115641,552,1.0,1.5714285714285714,1.0703048584233328,1.0,1.25,552,1.0,1.7433505431996066,1.0844607414969116,1.006932093840716,1.3311403649233333,552,0.22580645161290322,6.5,1.5249493607524576,1.25,3.6666666666666665,552,0.29686974491551354,7.084472573239792,1.4718082960229073,1.205373351117541,3.4029371482853423,552,0.22580645161290322,6.5,1.4282404645316396,1.1538461538461537,3.5,552,0.29686974491551354,6.151807633602839,1.3540745098922797,1.097691661230826,3.0351382795613153,552,552.0,0.0,0.0,0.0,552.0,552.0,0.0,0.0,0.0,0.0,0.0,0.0,1.0,383.0,0.6938405797101449,552.0,0.0,0.0,3466.2094730883837,1584.0,1584.0,34848.0,114048.0,1.0,7.0,22.0,28.0,28.0,16.0,0.0,503.0,503.0,186919.0,1422.0,0.0,0.16933538056591357,2.0,5642.0,8780.0,42.0,1183.0,1581.0,411.0,0.0,2418171.0,1584.0,109691.38550199568,2497.0,24.0,24.0,299.0,360.0,75.66666666666667,96.0,72.0,1933.0,0.0,2500788.0,48.0,48.0,0.0,24.0,0.0,0.0,0.0,0.0,0.0,0.0,0.0,0.0,0.0,0.0,0.0,0.0,0.0,0.0,671.0,0.0,125.0,1.0,142144.23775300384
2,120000000000,0.0,8.0,3.3920454545454546,3.0,5.0,1584,0.0,24.0,23.96969696969697,24.0,24.0,1584,0.0,0.0,0.0,0.0,0.0,1584,0.0,8.0,3.3920454545454546,3.0,5.0,1584,0.0,0.0,0.0,0.0,0.0,0,0.0,0.0,0.0,0.0,0.0,0,4.254280222753302,217.11159896167536,83.9710445254638,81.37575220928693,146.78070653698674,552,3.9685031452659154,152.9178299419724,67.25672394588707,66.16189356004445,117.62648178019595,552,-82.04237814805612,166.08110304687787,16.714320579576714,14.143251710535196,81.67993614769688,552,1.0,1.4,1.0605550050443409,1.0,1.25,552,1.0,1.540325111157143,1.0763794296017024,1.0056457584455085,1.3453590411231102,552,0.25,5.714285714285714,1.5631307186761023,1.3,3.6,552,0.26529236352673735,7.20596671268059,1.4944343178184647,1.2540157015167799,3.358931865142532,552,0.25,5.25,1.4706115049295372,1.2173913043478262,3.3520833333333306,552,0.26529236352673735,5.055012626884913,1.377631582851614,1.1377286713702204,2.9822132677174142,552,552.0,0.0,0.0,0.0,552.0,552.0,0.0,0.0,0.0,0.0,0.0,0.0,1.0,399.0,0.7228260869565217,552.0,0.0,0.0,3187.3507518321276,1584.0,1584.0,34848.0,114048.0,1.0,7.0,24.0,36.0,36.0,21.0,0.0,519.0,519.0,195429.0,1394.0,0.0,0.16933003801892246,2.0,5534.0,8662.0,40.0,1185.0,1582.0,384.0,0.0,2414943.0,1584.0,105075.40489733219,2504.0,24.0,24.0,299.6363636363636,360.0,74.33143939393939,96.0,48.0,1912.0,0.0,2502953.0,48.0,48.0,0.0,24.0,1.0,0.0,0.0,0.0,0.0,0.0,0.0,0.0,0.0,0.0,0.0,0.0,0.0,0.0,664.0,0.0,125.0,1.0,133989.14909176528
3,180000000000,0.0,8.0,3.422348484848485,3.0,5.0,1584,0.0,24.0,23.954545454545453,24.0,24.0,1584,0.0,0.0,0.0,0.0,0.0,1584,0.0,8.0,3.422348484848485,3.0,5.0,1584,0.0,0.0,0.0,0.0,0.0,0,0.0,0.0,0.0,0.0,0.0,0,10.468354580445698,206.6915165583052,84.57830448757365,81.57655122071814,154.00694581404036,552,4.187133353434795,153.1560932533888,67.18308689123525,65.76684168155134,120.49324667255216,552,-78.15607380802165,161.7257887814086,17.39521759633838,14.041817115232243,90.3166024742318,552,1.0,1.5454545454545454,1.0693770277312893,1.0,1.2328054298642532,552,1.0,1.763505886225243,1.0859746695532864,1.0074191037778797,1.3473731007702503,552,0.25,6.0,1.566862697190762,1.3153409090909092,3.5755555555555523,552,0.23931396253133713,6.774769019238798,1.4928968204289281,1.2544574309165317,3.1772947164863417,552,0.25,5.5,1.467279231846853,1.2222222222222223,3.4,552,0.23931396253133713,5.764041720636774,1.368727344721448,1.158736444889886,2.88831590537671,552,552.0,0.0,0.0,0.0,552.0,552.0,0.0,0.0,0.0,0.0,0.0,0.0,1.0,403.0,0.730072463768116,552.0,0.0,0.0,3134.0329945087433,1584.0,1584.0,34848.0,114048.0,1.0,7.0,20.0,29.0,29.0,16.0,0.0,368.0,368.0,182612.0,1382.0,0.0,0.18178432961689264,2.0,5481.0,8321.0,35.0,1184.0,1581.0,406.0,0.0,2404965.0,1584.0,105760.22350043058,2527.0,24.0,24.0,301.72727272727275,360.0,76.57575757575758,96.0,72.0,1892.0,0.0,2500685.0,48.0,48.0,0.0,24.0,0.0,0.0,0.0,0.0,0.0,0.0,0.0,0.0,0.0,0.0,0.0,0.0,0.0,0.0,641.0,0.0,119.0,1.0,134708.45505595207
4,240000000000,0.0,8.0,3.4021464646464645,3.0,5.0,1584,0.0,24.0,23.955176767676768,24.0,24.0,1584,0.0,0.0,0.0,0.0,0.0,1584,0.0,8.0,3.4021464646464645,3.0,5.0,1584,0.0,0.0,0.0,0.0,0.0,0,0.0,0.0,0.0,0.0,0.0,0,13.085382751376867,247.2261101524339,85.26043882636455,81.09478623112494,156.22964608685487,552,4.322166561975352,161.0342944554142,68.53998903372381,70.38294224648664,121.14421389322655,552,-85.27113016669398,150.74761222647504,16.72044979264073,11.36456807575074,85.70109016360949,552,1.0,1.5,1.0667663930911475,1.0,1.2634782608695647,552,1.0,1.7463730777458133,1.081478634850964,1.0050071518422734,1.3648161169234279,552,0.25,6.0,1.5424784149748594,1.2981481481481483,3.6299999999999955,552,0.34136288863979675,7.093936005222367,1.4831075836259062,1.2233660411894771,3.334329249034515,552,0.25,6.0,1.4480211234622653,1.2,3.4,552,0.34136288863979675,7.093936005222367,1.3686964722647772,1.1422442349366237,2.9068055889695827,552,552.0,0.0,0.0,0.0,552.0,552.0,0.0,0.0,0.0,0.0,0.0,0.0,1.0,400.0,0.7246376811594203,552.0,0.0,0.0,3154.787028208375,1584.0,1584.0,34848.0,114048.0,1.0,7.0,19.0,29.0,29.0,17.0,0.0,391.0,391.0,183666.0,1368.0,0.0,0.17060316008406565,2.0,5400.0,7923.0,38.0,1183.0,1581.0,384.0,0.0,2406627.0,1584.0,109915.78562743962,2512.0,24.0,24.0,300.3636363636364,360.0,76.12121212121212,96.0,71.0,1910.0,0.0,2501125.0,48.0,48.0,0.0,24.0,0.0,0.0,0.0,0.0,0.0,0.0,0.0,0.0,0.0,0.0,0.0,0.0,0.0,0.0,656.0,0.0,119.0,1.0,139062.92232312262
5,300000000000,0.0,8.0,3.4065656565656566,3.0,5.0,1584,0.0,24.0,23.939393939393938,24.0,24.0,1584,0.0,0.0,0.0,0.0,0.0,1584,0.0,8.0,3.4065656565656566,3.0,5.0,1584,0.0,0.0,0.0,0.0,0.0,0,0.0,0.0,0.0,0.0,0.0,0,8.697984539771177,231.4372832541412,84.1474196998633,81.09296449148752,153.89979717537196,552,3.953255721996849,148.1119187880503,65.57414455658777,64.92053268157869,116.83679696651362,552,-77.44906739181754,139.33567963835532,18.573275143275552,11.121378848395008,88.17098889710728,552,1.0,1.5714285714285714,1.0621251117203925,1.0,1.25,552,1.0,1.6395961284396763,1.0797332168619151,1.0041931830164248,1.355001658845459,552,0.2692307692307692,6.0,1.5557171427939642,1.2857142857142858,3.429166666666665,552,0.3392623299001842,6.289419927374539,1.497839403979833,1.23334801336493,3.1444177759484124,552,0.2692307692307692,6.0,1.4640561952600142,1.2222222222222223,3.307142857142854,552,0.3392623299001842,5.9870229897317495,1.3811983463535904,1.160136271712159,2.910596650678449,552,552.0,0.0,0.0,0.0,552.0,552.0,0.0,0.0,0.0,0.0,0.0,0.0,1.0,403.0,0.730072463768116,552.0,0.0,0.0,3199.8967230319977,1584.0,1584.0,34848.0,114048.0,1.0,7.0,20.0,35.0,35.0,16.0,0.0,368.0,368.0,167999.0,1372.0,0.0,0.18928684099310114,2.0,5042.0,7618.0,38.0,1184.0,1580.0,371.0,0.0,2407541.0,1584.0,104935.84438227117,2520.0,24.0,24.0,301.09090909090907,360.0,76.36363636363636,96.0,96.0,1806.0,0.0,2498732.0,48.0,48.0,0.0,24.0,0.0,0.0,0.0,0.0,0.0,0.0,0.0,0.0,0.0,0.0,0.0,0.0,0.0,0.0,648.0,0.0,128.0,1.0,133190.86384400725
6,360000000000,0.0,8.0,3.4103535353535355,3.0,5.0,1584,0.0,24.0,23.924242424242426,24.0,24.0,1584,0.0,0.0,0.0,0.0,0.0,1584,0.0,8.0,3.4103535353535355,3.0,5.0,1584,0.0,0.0,0.0,0.0,0.0,0,0.0,0.0,0.0,0.0,0.0,0,3.943947407442785,226.881010175214,84.31830541792,82.97987920224858,151.04406782033388,552,3.943947407442785,147.78949783401777,67.57571254270658,68.49571160564977,115.31832037509398,552,-79.04496176356878,163.53809350159509,16.742592875213415,12.03962237030349,82.10799135248487,552,1.0,1.4,1.0616449895636024,1.0,1.24345238095238,552,1.0,1.535226724761516,1.0845706375054434,1.0058370672546082,1.3514135917825418,552,0.23333333333333334,6.6,1.5005312969914946,1.2666666666666666,3.386249999999998,552,0.3119582534609372,7.286596380872849,1.4464932389101455,1.2270930057710658,3.094379449899502,552,0.23333333333333334,5.8,1.4119204775100764,1.1818181818181819,3.204166666666661,552,0.3026530270671685,6.5515401172221,1.3287151614217094,1.1239833368190917,2.689966853794946,552,552.0,0.0,0.0,0.0,552.0,552.0,0.0,0.0,0.0,0.0,0.0,0.0,1.0,396.0,0.717391304347826,552.0,0.0,0.0,3245.9935676306486,1584.0,1584.0,34848.0,114048.0,1.0,7.0,19.0,32.0,32.0,16.0,0.0,368.0,368.0,162100.0,1347.0,0.0,0.17523133867982726,2.0,4870.0,7716.0,40.0,1183.0,1579.0,420.0,0.0,2395104.0,1584.0,110665.86736030877,2518.0,24.0,24.0,300.90909090909093,360.0,74.74747474747475,96.0,120.0,1819.0,0.0,2495963.0,48.0,48.0,0.0,24.0,1.0,0.0,0.0,0.0,0.0,0.0,0.0,0.0,0.0,0.0,0.0,0.0,0.0,0.0,650.0,0.0,138.0,1.0,140143.33023503423
7,420000000000,0.0,8.0,3.4305555555555554,3.0,5.0,1584,0.0,24.0,23.954545454545453,24.0,24.0,1584,0.0,0.0,0.0,0.0,0.0,1584,0.0,8.0,3.4305555555555554,3.0,5.0,1584,0.0,0.0,0.0,0.0,0.0,0,0.0,0.0,0.0,0.0,0.0,0,4.263308760422519,194.43657787023037,85.40792771352763,84.28833025145022,149.6608057144721,552,4.199647635898833,152.35804040546952,66.91663695562946,66.18764789866583,121.31734236743225,552,-78.25774578732691,133.96217631711136,18.491290757898156,14.620894342309953,94.05087985185831,552,1.0,1.5454545454545454,1.0664815020391203,1.0,1.25,552,1.0,1.6984467688139564,1.0881809293853668,1.0074994027252067,1.3329025050833627,552,0.23333333333333334,6.2,1.5952619127144618,1.3,3.808181818181817,552,0.28153494142386454,8.529079683566579,1.5262132610779053,1.2489609236486836,3.317640253678027,552,0.23333333333333334,6.0,1.4954200580172372,1.2,3.5,552,0.28153494142386454,6.261065957930289,1.3971566710644256,1.1491355974961723,3.0308499301625424,552,552.0,0.0,0.0,0.0,552.0,552.0,0.0,0.0,0.0,0.0,0.0,0.0,1.0,396.0,0.717391304347826,552.0,0.0,0.0,3324.404129758477,1584.0,1584.0,34848.0,114048.0,1.0,7.0,16.0,25.0,25.0,13.0,0.0,299.0,299.0,160571.0,1362.0,0.0,0.16768905966830872,2.0,4784.0,7562.0,41.0,1183.0,1581.0,392.0,0.0,2399916.0,1584.0,104762.2174732387,2532.0,24.0,24.0,302.1818181818182,360.0,75.16477272727273,96.0,72.0,1744.0,0.0,2500308.0,48.0,48.0,0.0,24.0,1.0,0.0,0.0,0.0,0.0,0.0,0.0,0.0,0.0,0.0,0.0,0.0,0.0,0.0,636.0,0.0,122.0,1.0,132529.84310872853
8,480000000000,0.0,8.0,3.419191919191919,3.0,5.0,1584,0.0,24.0,23.984848484848484,24.0,24.0,1584,0.0,0.0,0.0,0.0,0.0,1584,0.0,8.0,3.419191919191919,3.0,5.0,1584,0.0,0.0,0.0,0.0,0.0,0,0.0,0.0,0.0,0.0,0.0,0,10.745786376797504,209.2757771966452,87.9453749077827,84.44421882656809,153.83045495821858,552,4.100151095195329,156.7860614734405,69.15090870050335,69.22177116384043,121.81817445918357,552,-97.88205844507831,143.82911763068194,18.794466207279353,15.44036728115898,90.07823516856263,552,1.0,1.5555555555555556,1.0798520219730203,1.0,1.2857142857142858,552,1.0,1.9424163268065657,1.1095796371588436,1.026429629892263,1.4109269011768846,552,0.2608695652173913,4.666666666666667,1.506504859504581,1.3076923076923077,3.1666666666666665,552,0.31117158740251316,5.68977334533425,1.4716232531216393,1.2567553235888569,3.085501458631548,552,0.2608695652173913,4.6,1.3958736925481046,1.2,3.0,552,0.31117158740251316,5.68977334533425,1.3266151315634513,1.1563600922170734,2.7343343381603487,552,552.0,0.0,0.0,0.0,552.0,552.0,0.0,0.0,0.0,0.0,0.0,0.0,1.0,389.0,0.7047101449275363,552.0,0.0,0.0,3345.0992461293936,1584.0,1584.0,34848.0,114048.0,1.0,7.0,19.0,34.0,34.0,18.0,0.0,414.0,414.0,177917.0,1374.0,0.0,0.19900852644772563,2.0,5439.0,7648.0,50.0,934.0,1583.0,391.0,0.0,2404042.0,1584.0,105949.80470277369,2524.0,24.0,24.0,301.45454545454544,360.0,76.48484848484848,96.0,24.0,1878.0,0.0,2504164.0,48.0,48.0,0.0,24.0,0.0,0.0,0.0,0.0,0.0,0.0,0.0,0.0,0.0,0.0,0.0,0.0,0.0,0.0,644.0,0.0,128.0,1.0,135245.06067670882
9,540000000000,0.0,8.0,3.4097222222222223,3.0,5.0,1584,0.0,24.0,23.954545454545453,24.0,24.0,1584,0.0,0.0,0.0,0.0,0.0,1584,0.0,8.0,3.4097222222222223,3.0,5.0,1584,0.0,0.0,0.0,0.0,0.0,0,0.0,0.0,0.0,0.0,0.0,0,3.934846319582863,207.64592766880816,88.16062911742722,86.06505834881281,154.4779555190347,552,3.934846319582863,155.38832452701874,68.84041233325638,69.18444186450424,125.31808489536104,552,-89.70352834140925,136.92048387136035,19.32021678417084,14.614986297612298,93.89219368684796,552,1.0,1.5714285714285714,1.0754524482493415,1.0,1.2857142857142858,552,1.0,1.8049885335408022,1.103317289576648,1.0278690754037192,1.3918207110173466,552,0.25806451612903225,6.333333333333333,1.5939221619874033,1.2666666666666666,3.716666666666659,552,0.31252188184643576,7.090086026369419,1.5794368400803318,1.2306796730326157,3.692297265289369,552,0.25806451612903225,5.666666666666667,1.4780171474755266,1.2,3.4694444444444406,552,0.31252188184643576,6.820962138935576,1.4205084908530279,1.126777718316677,3.0582386338663476,552,552.0,0.0,0.0,0.0,552.0,552.0,0.0,0.0,0.0,0.0,0.0,0.0,1.0,393.0,0.7119565217391305,552.0,0.0,0.0,3297.6664640009403,1584.0,1584.0,34848.0,114048.0,1.0,7.0,18.0,29.0,29.0,12.0,0.0,276.0,276.0,174786.0,1400.0,0.0,0.17796619866579702,2.0,5291.0,8181.0,47.0,821.0,1581.0,392.0,0.0,2398702.0,1584.0,112636.44570671022,2517.0,24.0,24.0,300.8181818181818,360.0,74.75126262626263,96.0,72.0,1929.0,0.0,2500431.0,48.0,48.0,0.0,24.0,1.0,0.0,0.0,0.0,0.0,0.0,0.0,0.0,0.0,0.0,0.0,0.0,0.0,0.0,651.0,0.0,131.0,1.0,140745.45868486166
10,600000000000,0.0,8.0,3.4027777777777777,3.0,5.0,1584,0.0,24.0,23.96969696969697,24.0,24.0,1584,0.0,0.0,0.0,0.0,0.0,1584,0.0,8.0,3.4027777777777777,3.0,5.0,1584,0.0,0.0,0.0,0.0,0.0,0,0.0,0.0,0.0,0.0,0.0,0,10.860223855049398,257.78070415816774,88.84312138665138,87.34822015807049,155.6208122962762,552,4.152756654738792,156.05573886815733,69.52285005452605,69.62972668066305,122.01495040557622,552,-89.63270932252256,170.03986972581527,19.320271332125348,15.06420692966131,92.92916957702472,552,1.0,1.6666666666666667,1.0797553754903124,1.0,1.2741379310344825,552,1.0,1.763716255617801,1.1075558698395396,1.0330158967257796,1.3781910624987037,552,0.2413793103448276,7.0,1.5846401608063951,1.2857142857142858,3.758653846153845,552,0.3109671977437722,7.972768851520891,1.5668936914277882,1.2332347171270162,3.6922845199802268,552,0.2413793103448276,6.25,1.4645571380564035,1.1875,3.5,552,0.3109671977437722,5.910188246492981,1.4034068659523344,1.1330068572465732,3.1668181576850936,552,552.0,0.0,0.0,0.0,552.0,552.0,0.0,0.0,0.0,0.0,0.0,0.0,1.0,381.0,0.6902173913043478,552.0,0.0,0.0,3080.8534678071737,1584.0,1584.0,34848.0,114048.0,1.0,7.0,22.0,35.0,35.0,17.0,0.0,391.0,391.0,175170.0,1393.0,0.0,0.17596049551863904,2.0,5310.0,7901.0,42.0,1184.0,1582.0,421.0,0.0,2403140.0,1584.0,105299.94886182249,2516.0,24.0,24.0,300.72727272727275,360.0,76.24242424242425,96.0,48.0,1889.0,0.0,2501956.0,48.0,48.0,0.0,24.0,0.0,0.0,0.0,0.0,0.0,0.0,0.0,0.0,0.0,0.0,0.0,0.0,0.0,0.0,652.0,0.0,143.0,1.0,132533.33992697299
11,660000000000,0.0,8.0,3.3869949494949494,3.0,5.0,1584,0.0,24.0,23.955176767676768,24.0,24.0,1584,0.0,0.0,0.0,0.0,0.0,1584,0.0,8.0,3.3869949494949494,3.0,5.0,1584,0.0,0.0,0.0,0.0,0.0,0,0.0,0.0,0.0,0.0,0.0,0,9.106705927826594,274.26816898939126,92.25024469920938,87.87896246122251,169.13304383260112,529,3.927523962260585,135.4662154642172,67.58181382227959,69.88203494102453,119.03415850287641,529,-91.53412647852798,206.3974907398091,24.668430876929797,17.608990361361904,105.40483928604863,529,1.0,1.5714285714285714,1.0857299255255481,1.0,1.3636363636363635,529,1.0,1.7916711013710795,1.1140291635824697,1.0232158129239755,1.4917195801159195,529,0.24242424242424243,14.5,1.7197441297617497,1.3333333333333333,4.059999999999996,529,0.2916964469969454,19.08734918725432,1.6862369746680297,1.2815439695718762,3.8293551687573304,529,0.24242424242424243,13.5,1.5793038846769383,1.2142857142857142,3.6399999999999975,529,0.2916964469969454,16.845819885822873,1.4997000041898345,1.1496807614473084,3.245949077350851,529,552.0,0.0,0.0,0.0,552.0,529.0,23.0,0.0,23.0,0.0,0.0,0.0,0.9583333333333334,395.0,0.7466918714555766,529.0,0.0,0.0,3132.7255442738533,1584.0,1584.0,34848.0,114048.0,1.0,7.0,21.0,30.0,30.0,12.0,0.0,276.0,276.0,187767.0,1406.0,0.0,0.16906591680114183,2.0,5519.0,8449.0,35.0,1184.0,1581.0,480.0,0.0,2401302.0,1584.0,109144.05818656087,2500.0,24.0,24.0,299.27272727272725,360.0,75.75757575757575,96.0,71.0,1989.0,0.0,2500751.0,48.0,48.0,0.0,24.0,0.0,0.0,0.0,0.0,0.0,0.0,0.0,0.0,0.0,0.0,0.0,0.0,0.0,0.0,668.0,0.0,130.0,1.0,139074.11995902658
12,720000000000,0.0,7.0,3.3964646464646466,3.0,5.0,1584,0.0,24.0,23.96969696969697,24.0,24.0,1584,0.0,0.0,0.0,0.0,0.0,1584,0.0,7.0,3.3964646464646466,3.0,5.0,1584,0.0,0.0,0.0,0.0,0.0,0,0.0,0.0,0.0,0.0,0.0,0,8.684265771758474,227.54267076411264,90.79950287849768,90.6043494289384,160.8131894808744,552,4.044679177686318,155.5803419603407,69.31898953052657,70.62823656413786,120.6691933653121,552,-96.62288153696713,175.482883622107,21.4805133479711,17.983092254523438,88.96228234307232,552,1.0,1.5714285714285714,1.0864619564132643,1.0483682983682985,1.3098557692307689,552,1.0,1.809747088554839,1.1135031098129868,1.044348412490257,1.4385886189492005,552,0.2727272727272727,5.833333333333333,1.588600492304866,1.3333333333333333,3.62142857142856,552,0.3151960742245483,6.706451302140073,1.5585964780605612,1.2784418911932875,3.4341711204877905,552,0.2692307692307692,5.4,1.4670482707949235,1.2105263157894737,3.4062499999999956,552,0.2677066446814406,6.706451302140073,1.4014139004022372,1.1489296470007528,3.136170625381749,552,552.0,0.0,0.0,0.0,552.0,552.0,0.0,0.0,0.0,0.0,0.0,0.0,1.0,412.0,0.7463768115942029,552.0,0.0,0.0,3143.7202766537666,1584.0,1584.0,34848.0,114048.0,1.0,7.0,20.0,31.0,31.0,18.0,0.0,414.0,414.0,189363.0,1415.0,0.0,0.15848925080401136,2.0,5625.0,8546.0,38.0,826.0,1582.0,514.0,0.0,2408671.0,1584.0,106584.71811376512,2500.0,24.0,24.0,299.27272727272725,360.0,75.75757575757575,96.0,48.0,1966.0,0.0,2502280.0,48.0,48.0,0.0,24.0,0.0,0.0,0.0,0.0,0.0,0.0,0.0,0.0,0.0,0.0,0.0,0.0,0.0,0.0,668.0,0.0,130.0,1.0,134950.20980760455
13,780000000000,0.0,8.0,3.398358585858586,3.0,5.0,1584,0.0,24.0,23.954545454545453,24.0,24.0,1584,0.0,0.0,0.0,0.0,0.0,1584,0.0,8.0,3.398358585858586,3.0,5.0,1584,0.0,0.0,0.0,0.0,0.0,0,0.0,0.0,0.0,0.0,0.0,0,10.94116814193687,281.0308942668405,93.20333341198997,92.1933407215322,164.8833001362714,552,4.228685432773629,156.36764587738202,69.5491691361728,70.20871303958428,123.24117802712966,552,-92.87526881287013,215.85746317919512,23.654164275817198,17.90110828249596,104.26396255830507,552,1.0,1.5555555555555556,1.0796765089101779,1.0,1.3139802631578945,552,1.0,1.775523477879603,1.1093926466591366,1.0080408149673963,1.4630683012054837,552,0.2727272727272727,7.0,1.674728960509127,1.3333333333333333,4.0,552,0.2869424135179104,10.39711298309789,1.65038170196841,1.2739329795724808,3.818409300932042,552,0.2727272727272727,7.0,1.5405834866331494,1.2222222222222223,3.6,552,0.2869424135179104,10.212122990985259,1.473752430880821,1.169505746673781,3.2040936515166596,552,552.0,0.0,0.0,0.0,552.0,552.0,0.0,0.0,0.0,0.0,0.0,0.0,1.0,405.0,0.7336956521739131,552.0,0.0,0.0,3345.931088551879,1584.0,1584.0,34848.0,114048.0,1.0,7.0,19.0,26.0,26.0,13.0,0.0,299.0,299.0,193135.0,1398.0,0.0,0.16804307867553783,2.0,5754.0,8968.0,43.0,1003.0,1581.0,534.0,0.0,2395596.0,1584.0,106921.52561619878,2505.0,24.0,24.0,299.72727272727275,360.0,75.9090909090909,96.0,72.0,2002.0,0.0,2499227.0,48.0,48.0,0.0,24.0,0.0,0.0,0.0,0.0,0.0,0.0,0.0,0.0,0.0,0.0,0.0,0.0,0.0,0.0,663.0,0.0,141.0,1.0,138577.07267813385
14,840000000000,0.0,8.0,3.3920454545454546,3.0,5.0,1584,0.0,24.0,23.954545454545453,24.0,24.0,1584,0.0,0.0,0.0,0.0,0.0,1584,0.0,8.0,3.3920454545454546,3.0,5.0,1584,0.0,0.0,0.0,0.0,0.0,0,0.0,0.0,0.0,0.0,0.0,0,9.605593123759958,226.86112396583002,87.81311912902578,83.0933687097953,158.05583428721994,552,3.998242469128426,158.43794222357096,70.5860694866966,69.70474644658887,127.3504547346018,552,-95.54193619761053,163.49960948528548,17.227049642329195,12.828906781516611,91.78729925147316,552,1.0,1.5,1.0627628537369505,1.0,1.2222222222222223,552,1.0,1.6610361200316515,1.0802964889347233,1.005422486951119,1.3267975331357549,552,0.25925925925925924,5.8,1.5677748227480455,1.276190476190476,3.5555555555555554,552,0.28125669817246546,6.566800214816668,1.5242469472974698,1.215036771754682,3.3077188776310664,552,0.25925925925925924,5.125,1.4755399804788505,1.212406015037594,3.4,552,0.28125669817246546,6.566800214816668,1.406078557031446,1.1508108886486101,2.9885730942863464,552,552.0,0.0,0.0,0.0,552.0,552.0,0.0,0.0,0.0,0.0,0.0,0.0,1.0,385.0,0.697463768115942,552.0,0.0,0.0,3908.172545954585,1584.0,1584.0,34848.0,114048.0,1.0,7.0,22.0,35.0,35.0,20.0,0.0,460.0,460.0,192882.0,1394.0,0.0,0.16920189545940004,2.0,5859.0,8806.0,34.0,1002.0,1580.0,498.0,0.0,2398693.0,1584.0,109655.92980012298,2505.0,24.0,24.0,299.72727272727275,360.0,75.9090909090909,96.0,48.0,2061.0,0.0,2497628.0,48.0,48.0,0.0,24.0,0.0,0.0,0.0,0.0,0.0,0.0,0.0,0.0,0.0,0.0,0.0,0.0,0.0,0.0,663.0,0.0,112.0,1.0,140736.47990077734
15,900000000000,0.0,8.0,3.4097222222222223,3.0,5.0,1584,0.0,24.0,23.893939393939394,24.0,24.0,1584,0.0,0.0,0.0,0.0,0.0,1584,0.0,8.0,3.4097222222222223,3.0,5.0,1584,0.0,0.0,0.0,0.0,0.0,0,0.0,0.0,0.0,0.0,0.0,0,3.9109693846934603,233.58650538049542,87.83304422008825,85.54928666654729,154.48008758457726,552,3.9109693846934603,157.92130883174713,69.3356159689019,69.19084931928055,120.70992423807093,552,-93.03121082615039,169.11799239836472,18.49742825118636,14.505207876841995,87.14099184814536,552,1.0,1.7692307692307692,1.062120013366025,1.0,1.25,552,1.0,1.7187288303844477,1.0828844827214363,1.0064971765854083,1.3432929223699228,552,0.30303030303030304,5.5,1.5395089827879687,1.2857142857142858,3.524999999999996,552,0.3078740334617739,6.259239673460989,1.4995143479644886,1.246971775413744,3.493480977988593,552,0.30303030303030304,5.5,1.453969563051844,1.2142857142857142,3.3149999999999977,552,0.3078740334617739,6.167486899300768,1.3890923684093501,1.1461610717056887,3.024917699144462,552,552.0,0.0,0.0,0.0,552.0,552.0,0.0,0.0,0.0,0.0,0.0,0.0,1.0,394.0,0.7137681159420289,552.0,0.0,0.0,2918.9023189246655,1584.0,1584.0,34848.0,114048.0,1.0,7.0,21.0,36.0,36.0,20.0,0.0,460.0,460.0,178993.0,1385.0,0.0,0.17311850184085412,2.0,5120.0,8854.0,40.0,888.0,1576.0,380.0,0.0,2379567.0,1584.0,104101.93987376988,2516.0,24.0,24.0,300.72727272727275,360.0,73.06565656565657,92.0,144.0,1867.0,0.0,2489812.0,48.0,48.0,0.0,24.0,2.0,0.0,0.0,0.0,0.0,0.0,0.0,0.0,0.0,0.0,0.0,0.0,0.0,0.0,652.0,0.0,137.0,1.0,132778.85223180056
16,960000000000,0.0,7.0,3.399621212121212,3.0,5.0,1584,0.0,24.0,23.924242424242426,24.0,24.0,1584,0.0,0.0,0.0,0.0,0.0,1584,0.0,7.0,3.399621212121212,3.0,5.0,1584,0.0,0.0,0.0,0.0,0.0,0,0.0,0.0,0.0,0.0,0.0,0,8.638405700307096,218.13730541208517,87.13606084355348,85.37891820588683,150.46575238516607,552,4.18372411990431,140.9873847171975,67.22640180184908,67.67668728402623,122.52322923763363,552,-99.44114764687598,163.55346696007604,19.909659041704412,16.083615042413882,92.92630408627068,552,1.0,1.5,1.0736404388321226,1.0,1.2777777777777777,552,1.0,1.5612379953425888,1.0959399839451716,1.0118009476643666,1.362297864121067,552,0.2631578947368421,6.666666666666667,1.6164741263250477,1.3,3.7303571428571405,552,0.2418139604356855,6.1555428501025,1.5631594769558759,1.2729218303152041,3.420303497918842,552,0.2631578947368421,6.666666666666667,1.5084551289362942,1.2105263157894737,3.419999999999997,552,0.2418139604356855,6.011224582770377,1.4268136702824894,1.1520517496524363,3.0728454986644165,552,552.0,0.0,0.0,0.0,552.0,552.0,0.0,0.0,0.0,0.0,0.0,0.0,1.0,396.0,0.717391304347826,552.0,0.0,0.0,3197.705401107669,1584.0,1584.0,34848.0,114048.0,1.0,7.0,18.0,26.0,26.0,14.0,0.0,322.0,322.0,184787.0,1410.0,0.0,0.20498195219360668,2.0,5595.0,8574.0,47.0,871.0,1578.0,422.0,0.0,2394904.0,1584.0,108599.10649619997,2512.0,24.0,24.0,300.3636363636364,360.0,76.12121212121212,96.0,96.0,1989.0,0.0,2494501.0,48.0,48.0,0.0,24.0,0.0,0.0,0.0,0.0,0.0,0.0,0.0,0.0,0.0,0.0,0.0,0.0,0.0,0.0,656.0,0.0,128.0,1.0,137433.94520692527
17,1020000000000,0.0,8.0,3.4008838383838382,3.0,5.0,1584,0.0,24.0,23.90909090909091,24.0,24.0,1584,0.0,0.0,0.0,0.0,0.0,1584,0.0,8.0,3.4008838383838382,3.0,5.0,1584,0.0,0.0,0.0,0.0,0.0,0,0.0,0.0,0.0,0.0,0.0,0,4.260514327214996,189.97748290814212,83.88680020501056,82.7072653082721,146.43416686814305,552,3.9868475026813384,150.83186890811098,66.8104820560715,65.24654542851145,118.64188446799683,552,-86.98023221144598,129.3468764154609,17.07631814893905,13.232279157398153,85.27298515467801,552,1.0,1.4615384615384615,1.0756719823038006,1.0,1.2785714285714278,552,1.0,1.8312423443643482,1.097645985537227,1.006598898910014,1.4064753748312784,552,0.2857142857142857,5.5,1.5323493746991175,1.2727272727272727,3.3687499999999995,552,0.31758532139917933,9.214550671175708,1.4970420381889398,1.2212935088559347,3.1965187458348066,552,0.2857142857142857,5.5,1.427383276871796,1.1818181818181819,3.142857142857143,552,0.31758532139917933,9.102311317368919,1.3566625167828716,1.1301777462503093,2.822744611094139,552,552.0,0.0,0.0,0.0,552.0,552.0,0.0,0.0,0.0,0.0,0.0,0.0,1.0,409.0,0.7409420289855072,552.0,0.0,0.0,3170.3736037015915,1584.0,1584.0,34848.0,114048.0,1.0,7.0,22.0,38.0,38.0,20.0,0.0,460.0,460.0,187858.0,1409.0,0.0,0.21763246707619585,2.0,5525.0,9201.0,47.0,1135.0,1577.0,380.0,0.0,2393452.0,1584.0,107426.32683739066,2512.0,24.0,24.0,300.3636363636364,360.0,74.59343434343434,96.0,120.0,1989.0,0.0,2492479.0,48.0,48.0,0.0,24.0,1.0,0.0,0.0,0.0,0.0,0.0,0.0,0.0,0.0,0.0,0.0,0.0,0.0,0.0,656.0,0.0,114.0,1.0,135765.5602414161
18,1080000000000,0.0,8.0,3.423611111111111,3.0,5.0,1584,0.0,24.0,23.924242424242426,24.0,24.0,1584,0.0,0.0,0.0,0.0,0.0,1584,0.0,8.0,3.423611111111111,3.0,5.0,1584,0.0,0.0,0.0,0.0,0.0,0,0.0,0.0,0.0,0.0,0.0,0,10.623616854203853,193.49419058703467,84.22083903327048,83.7994913429058,151.42283625153664,552,4.252334710168059,167.64508443887718,67.60234852994473,66.18113427793509,123.45822699685704,552,-79.5879311201817,138.42583565075174,16.61849050332576,12.89036622396656,88.08102476451086,552,1.0,1.4615384615384615,1.0673767805863505,1.0,1.25,552,1.0,1.6144555790785378,1.0890624666123525,1.008398937827565,1.3512982405576275,552,0.28,7.333333333333333,1.5525493782501876,1.2817460317460316,3.5755555555555523,552,0.32873291149081946,7.740123905693377,1.498212672315159,1.227243046567283,3.2878001618810635,552,0.28,6.666666666666667,1.4529250927313235,1.2,3.3333333333333335,552,0.32873291149081946,6.604427735117146,1.3671987387998954,1.1323503162424204,2.887025717705858,552,552.0,0.0,0.0,0.0,552.0,552.0,0.0,0.0,0.0,0.0,0.0,0.0,1.0,391.0,0.7083333333333334,552.0,0.0,0.0,3188.8905595988035,1584.0,1584.0,34848.0,114048.0,1.0,7.0,14.0,25.0,25.0,14.0,0.0,322.0,322.0,178274.0,1391.0,0.0,0.2094584740343516,2.0,5461.0,8448.0,47.0,1182.0,1578.0,393.0,0.0,2397558.0,1584.0,105445.70287317038,2527.0,24.0,24.0,301.72727272727275,360.0,76.57575757575758,96.0,96.0,1950.0,0.0,2495177.0,48.0,48.0,0.0,24.0,0.0,0.0,0.0,0.0,0.0,0.0,0.0,0.0,0.0,0.0,0.0,0.0,0.0,0.0,641.0,0.0,121.0,1.0,136209.59061570466
19,1140000000000,0.0,8.0,3.39709595959596,3.0,5.0,1584,0.0,24.0,23.939393939393938,24.0,24.0,1584,0.0,0.0,0.0,0.0,0.0,1584,0.0,8.0,3.39709595959596,3.0,5.0,1584,0.0,0.0,0.0,0.0,0.0,0,0.0,0.0,0.0,0.0,0.0,0,6.307714308692521,223.0423095607765,84.81939686969156,83.4965003237003,149.5475366315262,552,4.36528055518995,154.007076978321,68.22917497600334,68.768186780837,121.7932471450346,552,-90.73102512002139,132.53290517201373,16.59022189368824,12.347716976531295,84.78992467691606,552,1.0,1.588235294117647,1.0790310126935685,1.0,1.2857142857142858,552,1.0,1.7529236866309124,1.0990632782890117,1.03542865890339,1.3510302592749086,552,0.30434782608695654,7.0,1.546119936003808,1.2857142857142858,3.5,552,0.3317300556210834,10.937816966489985,1.5060526995358228,1.228231259535364,3.2570681477076477,552,0.25,6.333333333333333,1.4336858495429305,1.2,3.2224999999999966,552,0.294662552010918,9.195768048267803,1.3631316767620913,1.1265335650651027,2.8562610553582535,552,552.0,0.0,0.0,0.0,552.0,552.0,0.0,0.0,0.0,0.0,0.0,0.0,1.0,389.0,0.7047101449275363,552.0,0.0,0.0,3337.579943239689,1584.0,1584.0,34848.0,114048.0,1.0,7.0,19.0,32.0,32.0,16.0,0.0,368.0,368.0,191883.0,1405.0,0.0,0.1995226257667433,2.0,5808.0,8933.0,49.0,929.0,1579.0,408.0,0.0,2407580.0,1584.0,108401.75419487059,2509.0,24.0,24.0,300.09090909090907,360.0,76.03030303030303,96.0,72.0,2059.0,0.0,2497360.0,48.0,48.0,0.0,24.0,0.0,0.0,0.0,0.0,0.0,0.0,0.0,0.0,0.0,0.0,0.0,0.0,0.0,0.0,659.0,0.0,126.0,1.0,137779.0206298232
20,1200000000000,0.0,8.0,3.4172979797979797,3.0,5.0,1584,0.0,24.0,23.90909090909091,24.0,24.0,1584,0.0,0.0,0.0,0.0,0.0,1584,0.0,8.0,3.4172979797979797,3.0,5.0,1584,0.0,0.0,0.0,0.0,0.0,0,0.0,0.0,0.0,0.0,0.0,0,3.9289666269723167,193.57967314113628,85.42950113899228,84.02491551758956,154.90505153151864,552,3.9289666269723167,153.2753385172017,68.8566634060585,66.5293304826572,124.70497064055233,552,-81.23253316620685,127.82854063236317,16.572837732933763,12.929187254783857,88.3602593236752,552,1.0,1.8,1.0711930306866488,1.0,1.2634782608695647,552,1.0,1.7766420065728243,1.0866361289025626,1.0145507025848803,1.326946172927637,552,0.3,7.666666666666667,1.5167536215797028,1.2600644122383253,3.407499999999999,552,0.3589974395506298,9.443913172433085,1.4781690326090577,1.2109393448923647,3.21949255634319,552,0.3,6.666666666666667,1.4206355724943416,1.1818181818181819,3.2260683760683757,552,0.3589974395506298,9.396099261396635,1.3604274327750496,1.126593653470203,2.9699573427460235,552,552.0,0.0,0.0,0.0,552.0,552.0,0.0,0.0,0.0,0.0,0.0,0.0,1.0,387.0,0.7010869565217391,552.0,0.0,0.0,3408.519336953759,1584.0,1584.0,34848.0,114048.0,1.0,7.0,16.0,29.0,29.0,14.0,0.0,322.0,322.0,180273.0,1382.0,0.0,0.21114642791765822,2.0,5346.0,8498.0,44.0,857.0,1578.0,422.0,0.0,2400845.0,1584.0,104556.61470070481,2527.0,24.0,24.0,301.72727272727275,360.0,75.06881313131314,96.0,144.0,1922.0,0.0,2494677.0,48.0,48.0,0.0,24.0,1.0,0.0,0.0,0.0,0.0,0.0,0.0,0.0,0.0,0.0,0.0,0.0,0.0,0.0,641.0,0.0,116.0,1.0,132703.000318259
21,1260000000000,0.0,8.0,3.418560606060606,3.0,5.0,1584,0.0,24.0,23.939393939393938,24.0,24.0,1584,0.0,0.0,0.0,0.0,0.0,1584,0.0,8.0,3.418560606060606,3.0,5.0,1584,0.0,0.0,0.0,0.0,0.0,0,0.0,0.0,0.0,0.0,0.0,0,3.970323154360341,183.75814702228882,85.53359718218698,83.90627728229865,151.62058217733295,552,3.970323154360341,150.821698727935,68.09361624548853,68.14086378955157,119.4262473181486,552,-81.33140443780657,132.9939480567653,17.43998093669843,17.70217020638418,82.54376011416272,552,1.0,1.5,1.0765543452388604,1.0,1.2666666666666666,552,1.0,1.850967077519293,1.0955142043062225,1.0283276475477683,1.3641601692437735,552,0.2962962962962963,6.666666666666667,1.560446019634349,1.3141447368421053,3.5555555555555554,552,0.35520185568005574,7.067739692968562,1.501472378363923,1.272966103883253,3.2180669132237276,552,0.2962962962962963,5.4,1.4602622535537744,1.212406015037594,3.5,552,0.3378337594409265,6.808483662490806,1.3779559791445575,1.1402829039200197,3.031481524458059,552,552.0,0.0,0.0,0.0,552.0,552.0,0.0,0.0,0.0,0.0,0.0,0.0,1.0,399.0,0.7228260869565217,552.0,0.0,0.0,3219.7515089064837,1584.0,1584.0,34848.0,114048.0,1.0,7.0,18.0,33.0,33.0,17.0,0.0,391.0,391.0,170453.0,1402.0,0.0,0.19939220782268427,2.0,5077.0,8424.0,44.0,1184.0,1580.0,401.0,0.0,2406352.0,1584.0,108957.42205157876,2527.0,24.0,24.0,301.72727272727275,360.0,75.06565656565657,96.0,96.0,1862.0,0.0,2498717.0,48.0,48.0,0.0,24.0,1.0,0.0,0.0,0.0,0.0,0.0,0.0,0.0,0.0,0.0,0.0,0.0,0.0,0.0,641.0,0.0,122.0,1.0,138400.770585984
22,1320000000000,0.0,7.0,3.41540404040404,3.0,5.0,1584,0.0,24.0,23.939393939393938,24.0,24.0,1584,0.0,0.0,0.0,0.0,0.0,1584,0.0,7.0,3.41540404040404,3.0,5.0,1584,0.0,0.0,0.0,0.0,0.0,0,0.0,0.0,0.0,0.0,0.0,0,4.211047188852229,182.32509235405846,84.68759638823678,84.18337996948523,145.24223529764734,552,4.211047188852229,157.61628161378042,67.54088270179479,66.07586417598122,123.24191031172082,552,-86.43280729569501,131.9933667313229,17.14671368644201,13.66850690448857,85.68481673068237,552,1.0,1.4285714285714286,1.0614720669952442,1.0,1.2281045751633979,552,1.0,1.5521215150237746,1.0783412413960314,1.0091291588647404,1.2792777226787833,552,0.25,6.5,1.617701135941814,1.2970588235294118,4.0,552,0.31410239476283486,9.232349955927562,1.5221814992101304,1.2431676891664507,3.5313869155647257,552,0.25,6.0,1.5280406385299474,1.2,3.7707142857142752,552,0.31410239476283486,7.215936394152997,1.4120241307357182,1.134283623010941,3.164723642809672,552,552.0,0.0,0.0,0.0,552.0,552.0,0.0,0.0,0.0,0.0,0.0,0.0,1.0,403.0,0.730072463768116,552.0,0.0,0.0,3265.121564269066,1584.0,1584.0,34848.0,114048.0,1.0,7.0,18.0,28.0,28.0,13.0,0.0,299.0,299.0,179168.0,1417.0,0.0,0.18334189140918022,2.0,5467.0,8544.0,46.0,1183.0,1580.0,358.0,0.0,2410990.0,1584.0,108039.56887684762,2517.0,24.0,24.0,300.8181818181818,360.0,74.7449494949495,96.0,96.0,1949.0,0.0,2498893.0,48.0,48.0,0.0,24.0,1.0,0.0,0.0,0.0,0.0,0.0,0.0,0.0,0.0,0.0,0.0,0.0,0.0,0.0,651.0,0.0,144.0,1.0,136906.93924203515
23,1380000000000,0.0,8.0,3.378787878787879,3.0,5.0,1584,0.0,24.0,23.984848484848484,24.0,24.0,1584,0.0,0.0,0.0,0.0,0.0,1584,0.0,8.0,3.378787878787879,3.0,5.0,1584,0.0,0.0,0.0,0.0,0.0,0,0.0,0.0,0.0,0.0,0.0,0,10.790378685659402,209.28225131567606,87.80909777491871,85.63441346117366,163.9275106661022,552,4.067409902953596,165.19929422351512,68.6965095362666,67.4440152788234,124.13947293716981,552,-92.13412862745889,144.38166384732565,19.11258823865211,15.386546191848701,88.76414552272098,552,1.0,1.6153846153846154,1.0794314916961858,1.0588235294117647,1.2634782608695647,552,1.0,1.8061403464765062,1.0983113731575553,1.0566397006670416,1.3411911242336076,552,0.25,5.5,1.5369634163037116,1.2970588235294118,3.561363636363627,552,0.2671041217680809,7.259720756631635,1.4951803483048551,1.2417444581479282,3.218137494713867,552,0.25,5.5,1.4259383393409208,1.2,3.4489898989898986,552,0.2671041217680809,7.259720756631635,1.363187898975793,1.1341753936358678,2.9685691952493563,552,552.0,0.0,0.0,0.0,552.0,552.0,0.0,0.0,0.0,0.0,0.0,0.0,1.0,406.0,0.7355072463768116,552.0,0.0,0.0,3081.4062003046274,1584.0,1584.0,34848.0,114048.0,1.0,7.0,20.0,33.0,33.0,15.0,0.0,345.0,345.0,209861.0,1424.0,0.0,0.20550268987567963,2.0,6665.0,9149.0,48.0,1020.0,1583.0,463.0,0.0,2425678.0,1584.0,95141.04695431888,2494.0,24.0,24.0,298.72727272727275,360.0,75.57575757575758,96.0,24.0,2167.0,0.0,2505192.0,48.0,48.0,0.0,24.0,0.0,0.0,0.0,0.0,0.0,0.0,0.0,0.0,0.0,0.0,0.0,0.0,0.0,0.0,674.0,0.0,131.0,1.0,120977.79681533575
24,1440000000000,1.0,8.0,3.356691919191919,3.0,5.0,1584,24.0,24.0,24.0,24.0,24.0,1584,0.0,0.0,0.0,0.0,0.0,1584,1.0,8.0,3.356691919191919,3.0,5.0,1584,0.0,0.0,0.0,0.0,0.0,0,0.0,0.0,0.0,0.0,0.0,0,3.9209185592654237,237.83758788402875,90.23384232527066,87.69938669095791,164.6125714307338,552,3.9209185592654237,164.8824074907273,70.84758538886409,70.23630079859493,129.8832065310338,552,-88.88623256217504,170.56012429157732,19.386256936406557,14.643268534465482,100.92353524450161,552,1.0,1.5714285714285714,1.075176508739534,1.0,1.2904761904761899,552,1.0,1.9423185876008162,1.101190319171582,1.0158135357715365,1.3735040467114783,552,0.2857142857142857,7.0,1.63171440100421,1.275252525252525,4.181666666666665,552,0.3363798053670402,11.04247092109183,1.6088297981378454,1.2396779989106488,3.8165030454061633,552,0.2857142857142857,6.0,1.512833290180497,1.1818181818181819,3.888888888888889,552,0.3363798053670402,8.659800144553815,1.4478186821297714,1.1224133735206188,3.511929461777327,552,552.0,0.0,0.0,0.0,552.0,552.0,0.0,0.0,0.0,0.0,0.0,0.0,1.0,394.0,0.7137681159420289,552.0,0.0,0.0,2398.246156051755,1584.0,1584.0,34848.0,114048.0,1.0,7.0,22.0,34.0,34.0,17.0,0.0,391.0,391.0,215061.0,1456.0,0.0,0.17899107695026062,2.0,6396.0,9158.0,45.0,1150.0,1584.0,476.0,0.0,2436521.0,1584.0,86891.20599627495,2470.0,24.0,24.0,296.54545454545456,360.0,71.86616161616162,96.0,0.0,2247.0,0.0,2507304.0,48.0,48.0,0.0,24.0,2.0,0.0,0.0,0.0,0.0,0.0,0.0,0.0,0.0,0.0,0.0,0.0,0.0,0.0,698.0,0.0,130.0,1.0,111388.20523582399
25,1500000000000,1.0,8.0,3.351010101010101,3.0,5.0,1584,24.0,24.0,24.0,24.0,24.0,1584,0.0,0.0,0.0,0.0,0.0,1584,1.0,8.0,3.351010101010101,3.0,5.0,1584,0.0,0.0,0.0,0.0,0.0,0,0.0,0.0,0.0,0.0,0.0,0,8.77041538574117,223.9917069713949,86.11224778171632,84.32470320967289,149.79870543885727,552,4.19063452556902,161.60436054452634,69.04850948458818,69.90764607512016,121.19073374543296,552,-92.96271482137809,158.6437715721461,17.063738297128157,13.71095197310115,86.01527366537506,552,1.0,1.5,1.0680075011935617,1.0,1.2666666666666666,552,1.0,1.6937728143384443,1.0798535040925785,1.0086173175773996,1.322696653651539,552,0.2413793103448276,6.0,1.550171457070205,1.275252525252525,3.9576923076923025,552,0.30885286232945447,7.685952604801986,1.486447068449613,1.2290414723347454,3.5140536321958886,552,0.2413793103448276,6.0,1.4629955493321491,1.1875,3.704166666666661,552,0.30885286232945447,6.487936115871825,1.3823285002889527,1.1173442535384799,3.2124462100238884,552,552.0,0.0,0.0,0.0,552.0,552.0,0.0,0.0,0.0,0.0,0.0,0.0,1.0,392.0,0.7101449275362319,552.0,0.0,0.0,3137.883445248008,1584.0,1584.0,34848.0,114048.0,1.0,7.0,23.0,31.0,31.0,18.0,0.0,414.0,414.0,204361.0,1424.0,0.0,0.18666966789162315,2.0,6281.0,9032.0,39.0,1042.0,1584.0,440.0,0.0,2433263.0,1584.0,77194.8279645294,2476.0,24.0,24.0,297.09090909090907,360.0,75.03030303030303,96.0,0.0,2139.0,0.0,2507116.0,48.0,48.0,0.0,24.0,0.0,0.0,0.0,0.0,0.0,0.0,0.0,0.0,0.0,0.0,0.0,0.0,0.0,0.0,692.0,0.0,136.0,1.0,99510.23400761187
26,1560000000000,0.0,8.0,3.375,3.0,5.0,1584,0.0,24.0,23.954545454545453,24.0,24.0,1584,0.0,0.0,0.0,0.0,0.0,1584,0.0,8.0,3.375,3.0,5.0,1584,0.0,0.0,0.0,0.0,0.0,0,0.0,0.0,0.0,0.0,0.0,0,4.334842206070442,204.3651502649827,87.91166067940688,85.9597747222279,156.84281278561548,552,3.9266837976958047,166.3006061633643,67.5703583756861,66.54994039896661,119.82038464831075,552,-99.87337409799646,141.5176935403823,20.34130230372076,17.256195178363992,91.66537559628993,552,1.0,1.5714285714285714,1.0819572714204577,1.0,1.2693939393939389,552,1.0,1.7343175691984798,1.1049643674136367,1.0227296539773614,1.3766333878161343,552,0.2608695652173913,7.0,1.63477578267964,1.3100961538461537,3.875,552,0.30831754798230604,9.207993295518175,1.5827462050621526,1.2610267740928305,3.598685750269456,552,0.2608695652173913,7.0,1.5147902948619865,1.2,3.6112499999999983,552,0.30831754798230604,9.207993295518175,1.4279855051865455,1.1354009911030052,3.1214825220369935,552,552.0,0.0,0.0,0.0,552.0,552.0,0.0,0.0,0.0,0.0,0.0,0.0,1.0,414.0,0.75,552.0,0.0,0.0,2110.22249981761,1584.0,1584.0,34848.0,114048.0,1.0,7.0,23.0,33.0,33.0,17.0,0.0,391.0,391.0,188550.0,1437.0,0.0,0.16447626624237602,2.0,5569.0,9279.0,44.0,1000.0,1581.0,440.0,0.0,2418420.0,1584.0,75628.71462106705,2489.0,24.0,24.0,298.27272727272725,360.0,73.87878787878788,96.0,72.0,1950.0,0.0,2501131.0,48.0,48.0,0.0,24.0,1.0,0.0,0.0,0.0,0.0,0.0,0.0,0.0,0.0,0.0,0.0,0.0,0.0,0.0,679.0,0.0,147.0,1.0,96363.99918794632
27,1620000000000,0.0,7.0,3.378787878787879,3.0,5.0,1584,0.0,24.0,23.954545454545453,24.0,24.0,1584,0.0,0.0,0.0,0.0,0.0,1584,0.0,7.0,3.378787878787879,3.0,5.0,1584,0.0,0.0,0.0,0.0,0.0,0,0.0,0.0,0.0,0.0,0.0,0,4.5907621698742,190.9835061312875,85.5987176043355,84.71748576407194,153.496717922788,552,4.08164746092445,145.6144573541324,67.13507779683458,66.24645748468703,122.68652854464098,552,-100.32555026407192,140.68773360059527,18.463639807500922,16.53680886121333,86.35747657580963,552,1.0,1.7058823529411764,1.0799087663579425,1.0,1.25,552,1.0,1.821907374684088,1.1035020277023364,1.0357937291760264,1.3536487399913455,552,0.24242424242424243,6.0,1.578918865429638,1.3333333333333333,3.8,552,0.28144111847283393,8.880948784248066,1.5263069418411117,1.2708910704257566,3.3371693132019447,552,0.24242424242424243,5.142857142857143,1.4681062886423646,1.2222222222222223,3.4,552,0.28144111847283393,7.169815234163781,1.3839027364794148,1.1516384599236518,2.9684376400372456,552,552.0,0.0,0.0,0.0,552.0,552.0,0.0,0.0,0.0,0.0,0.0,0.0,1.0,391.0,0.7083333333333334,552.0,0.0,0.0,2096.458474174142,1584.0,1584.0,34848.0,114048.0,1.0,7.0,20.0,27.0,27.0,17.0,0.0,391.0,391.0,195655.0,1428.0,0.0,0.16463673302496742,2.0,5772.0,9310.0,49.0,1146.0,1581.0,405.0,0.0,2420332.0,1584.0,76017.40464568138,2487.0,24.0,24.0,298.09090909090907,360.0,73.81818181818181,96.0,72.0,2053.0,0.0,2501320.0,48.0,48.0,0.0,24.0,1.0,0.0,0.0,0.0,0.0,0.0,0.0,0.0,0.0,0.0,0.0,0.0,0.0,0.0,681.0,0.0,128.0,1.0,99335.43446473777
28,1680000000000,0.0,7.0,3.3775252525252526,3.0,5.0,1584,0.0,24.0,23.984848484848484,24.0,24.0,1584,0.0,0.0,0.0,0.0,0.0,1584,0.0,7.0,3.3775252525252526,3.0,5.0,1584,0.0,0.0,0.0,0.0,0.0,0,0.0,0.0,0.0,0.0,0.0,0,6.929520634417677,204.19307673712999,88.94831851123836,85.69378552096988,156.6589785138438,552,4.264457680252916,154.24760301410956,67.8417541810919,67.29846904053358,122.91508269778238,552,-83.45821060116953,126.3498493729682,21.106564330146437,18.267866258425258,92.50708570077283,552,1.0,1.4285714285714286,1.0880589837875658,1.0666666666666667,1.2857142857142858,552,1.0,1.6117004442628298,1.1144162549400247,1.0813907658002364,1.3757250604688411,552,0.2727272727272727,6.666666666666667,1.6119835631051713,1.3333333333333333,3.787777777777776,552,0.30293399893587336,10.155867702833865,1.5932870620869977,1.2752692912881733,3.389580246941326,552,0.2727272727272727,6.5,1.4828571109199982,1.2,3.5,552,0.30293399893587336,10.071795574989784,1.42486752603607,1.1503386257252677,3.0276844000684244,552,552.0,0.0,0.0,0.0,552.0,552.0,0.0,0.0,0.0,0.0,0.0,0.0,1.0,396.0,0.717391304347826,552.0,0.0,0.0,2108.167978003621,1584.0,1584.0,34848.0,114048.0,1.0,7.0,19.0,29.0,29.0,18.0,0.0,414.0,414.0,194375.0,1428.0,0.0,0.18778135048231512,2.0,5820.0,8793.0,42.0,1147.0,1583.0,467.0,0.0,2427765.0,1584.0,83997.34975211322,2488.0,24.0,24.0,298.1818181818182,360.0,75.39393939393939,96.0,24.0,1981.0,0.0,2505174.0,48.0,48.0,0.0,24.0,0.0,0.0,0.0,0.0,0.0,0.0,0.0,0.0,0.0,0.0,0.0,0.0,0.0,0.0,680.0,0.0,133.0,1.0,104735.25366559625
29,1740000000000,1.0,8.0,3.4053030303030303,3.0,5.0,1584,24.0,24.0,24.0,24.0,24.0,1584,0.0,0.0,0.0,0.0,0.0,1584,1.0,8.0,3.4053030303030303,3.0,5.0,1584,0.0,0.0,0.0,0.0,0.0,0,0.0,0.0,0.0,0.0,0.0,0,8.892577371251338,221.76201731738212,89.15911131771897,86.57523063124495,164.82801556985768,552,3.965648045088579,164.9441187774083,69.57953352229326,69.7450129990062,124.15592129630924,552,-90.39059983310726,177.31549271297985,19.579577795425713,17.556498141090653,97.81069241315387,552,1.0,1.5,1.0830473751438803,1.057983193277311,1.2693939393939389,552,1.0,1.7929088511144584,1.1062090488748708,1.0550621050754923,1.3519128776633986,552,0.2727272727272727,6.666666666666667,1.5998471185794105,1.29520697167756,3.871428571428569,552,0.33727150608477574,10.787785496325453,1.5561230528466912,1.2658421098286057,3.548294375524447,552,0.2727272727272727,6.666666666666667,1.478992715038368,1.1889880952380953,3.4694444444444406,552,0.33727150608477574,7.164748055687778,1.4022417332179582,1.1256644048525037,3.0134629764066743,552,552.0,0.0,0.0,0.0,552.0,552.0,0.0,0.0,0.0,0.0,0.0,0.0,1.0,385.0,0.697463768115942,552.0,0.0,0.0,2086.744222790003,1584.0,1584.0,34848.0,114048.0,1.0,7.0,22.0,38.0,38.0,18.0,0.0,414.0,414.0,176240.0,1394.0,0.0,0.19094984112573762,2.0,5399.0,7729.0,41.0,1138.0,1584.0,455.0,0.0,2418942.0,1584.0,73045.32974772155,2517.0,24.0,24.0,300.8181818181818,360.0,76.27272727272727,96.0,0.0,1866.0,0.0,2506638.0,48.0,48.0,0.0,24.0,0.0,0.0,0.0,0.0,0.0,0.0,0.0,0.0,0.0,0.0,0.0,0.0,0.0,0.0,651.0,0.0,119.0,1.0,93272.39280939102
30,1800000000000,0.0,8.0,3.409090909090909,3.0,5.0,1584,0.0,24.0,23.96969696969697,24.0,24.0,1584,0.0,0.0,0.0,0.0,0.0,1584,0.0,8.0,3.409090909090909,3.0,5.0,1584,0.0,0.0,0.0,0.0,0.0,0,0.0,0.0,0.0,0.0,0.0,0,3.925869275870843,210.08872028979852,86.1518231360252,85.41743866855819,148.2791757124637,552,3.925869275870843,148.44190395003127,67.58333580070338,67.6780824002426,116.42054134619386,552,-80.57276985931688,155.31236872449833,18.568487335321816,14.275420520795624,89.40050856437229,552,1.0,1.5333333333333334,1.0701021779248585,1.0,1.25,552,1.0,1.5316170361777723,1.0907389516944221,1.0252752860084646,1.3392698655941342,552,0.23333333333333334,6.5,1.5854184445260076,1.2666666666666666,4.0,552,0.3071872634976181,9.811523524149202,1.537286129029589,1.2246614032914025,3.6597923587278816,552,0.23333333333333334,5.5,1.479867674748502,1.1818181818181819,3.716666666666659,552,0.3071872634976181,8.863448917064913,1.4022577428996519,1.110412955918083,3.2340452040344534,552,552.0,0.0,0.0,0.0,552.0,552.0,0.0,0.0,0.0,0.0,0.0,0.0,1.0,387.0,0.7010869565217391,552.0,0.0,0.0,2109.3268487602472,1584.0,1584.0,34848.0,114048.0,1.0,7.0,19.0,31.0,31.0,17.0,0.0,391.0,391.0,185866.0,1396.0,0.0,0.17239301432214607,2.0,5400.0,8557.0,41.0,897.0,1582.0,367.0,0.0,2404495.0,1584.0,73130.13248331845,2519.0,24.0,24.0,301.0,360.0,73.15277777777777,92.0,48.0,1913.0,0.0,2502308.0,48.0,48.0,0.0,24.0,2.0,0.0,0.0,0.0,0.0,0.0,0.0,0.0,0.0,0.0,0.0,0.0,0.0,0.0,649.0,0.0,120.0,1.0,93412.22247853875
31,1860000000000,0.0,8.0,3.39709595959596,3.0,5.0,1584,0.0,24.0,23.96969696969697,24.0,24.0,1584,0.0,0.0,0.0,0.0,0.0,1584,0.0,8.0,3.39709595959596,3.0,5.0,1584,0.0,0.0,0.0,0.0,0.0,0,0.0,0.0,0.0,0.0,0.0,0,6.123733527643636,185.9119677350806,87.70416026273384,87.46905174354177,153.70600964028355,552,4.232695915585708,147.3769201444551,67.8671623398621,66.8104919405537,120.84910964199622,552,-85.1018252164436,141.99440245376928,19.836997922871724,16.404976554747208,91.85260714976089,552,1.0,1.6,1.079238340435259,1.0,1.25,552,1.0,1.6408575330519946,1.0996174783692967,1.0383339577508055,1.3435715968556103,552,0.25,6.666666666666667,1.6424389649842084,1.3114224137931034,3.871428571428569,552,0.3249187545992173,11.769167373869648,1.5965516354519675,1.275757500761003,3.7843116323225745,552,0.25,6.666666666666667,1.5247463450584104,1.2182539682539684,3.5204545454545424,552,0.3249187545992173,8.884867621532281,1.4510026206679711,1.1571565384611495,3.224804827299368,552,552.0,0.0,0.0,0.0,552.0,552.0,0.0,0.0,0.0,0.0,0.0,0.0,1.0,409.0,0.7409420289855072,552.0,0.0,0.0,2063.4129848331213,1584.0,1584.0,34848.0,114048.0,1.0,7.0,17.0,28.0,28.0,13.0,0.0,299.0,299.0,189810.0,1390.0,0.0,0.1750118539592224,2.0,5973.0,8518.0,43.0,1184.0,1581.0,507.0,0.0,2407617.0,1584.0,72864.82820473611,2509.0,24.0,24.0,300.09090909090907,360.0,76.03030303030303,96.0,24.0,1956.0,0.0,2500598.0,48.0,48.0,0.0,24.0,0.0,0.0,0.0,0.0,0.0,0.0,0.0,0.0,0.0,0.0,0.0,0.0,0.0,0.0,659.0,0.0,124.0,1.0,92606.49801045656
32,1920000000000,0.0,8.0,3.394570707070707,3.0,5.0,1584,0.0,24.0,23.96969696969697,24.0,24.0,1584,0.0,0.0,0.0,0.0,0.0,1584,0.0,8.0,3.394570707070707,3.0,5.0,1584,0.0,0.0,0.0,0.0,0.0,0,0.0,0.0,0.0,0.0,0.0,0,4.300271831721664,218.94337792753396,86.82095209457013,84.55364062369111,155.60882163988842,552,4.020079034143014,148.22243163969955,67.12446987176502,64.66331830127866,118.35538496114285,552,-92.56887192356356,163.16959424569654,19.69648222280511,15.481077249390827,88.23179423714716,552,1.0,1.625,1.0702684098606283,1.0,1.268288288288288,552,1.0,1.7768046362112744,1.100555422375793,1.003393488920676,1.4228239579416713,552,0.25,5.875,1.5253158944874017,1.29520697167756,3.3799999999999977,552,0.2977779378793525,7.349715367714662,1.4851726035442192,1.2518242843054372,3.153236901512607,552,0.25,4.857142857142857,1.4256094565055968,1.2142857142857142,3.0,552,0.2977779378793525,4.941025780436752,1.3470394089658455,1.1427137164425072,2.7699720278394335,552,552.0,0.0,0.0,0.0,552.0,552.0,0.0,0.0,0.0,0.0,0.0,0.0,1.0,409.0,0.7409420289855072,552.0,0.0,0.0,2144.4801595062017,1584.0,1584.0,34848.0,114048.0,1.0,7.0,21.0,39.0,39.0,18.0,0.0,414.0,414.0,193423.0,1423.0,0.0,0.1922470440433661,2.0,5875.0,8929.0,44.0,1042.0,1582.0,425.0,0.0,2411983.0,1584.0,72535.85361875594,2508.0,24.0,24.0,300.0,360.0,74.44381313131314,96.0,48.0,1975.0,0.0,2502748.0,48.0,48.0,0.0,24.0,1.0,0.0,0.0,0.0,0.0,0.0,0.0,0.0,0.0,0.0,0.0,0.0,0.0,0.0,660.0,0.0,127.0,1.0,92371.78486026824
33,1980000000000,0.0,8.0,3.42739898989899,3.0,5.0,1584,0.0,24.0,23.939393939393938,24.0,24.0,1584,0.0,0.0,0.0,0.0,0.0,1584,0.0,8.0,3.42739898989899,3.0,5.0,1584,0.0,0.0,0.0,0.0,0.0,0,0.0,0.0,0.0,0.0,0.0,0,6.784121605531624,249.72042076795285,88.39232637254709,85.70212777578325,157.7279804971077,552,4.237681864898683,155.96395971101808,68.87043734834296,66.18765575412039,125.85325021170506,552,-101.41785354980769,193.15443676964043,19.52188902420414,16.23656270367034,92.93209422312573,552,1.0,1.7692307692307692,1.0921616263715388,1.067816091954023,1.3113360323886634,552,1.0,1.6293694708996165,1.1128986889665997,1.0542529300949455,1.40369376854571,552,0.2571428571428571,6.0,1.6039385896678926,1.3333333333333333,3.6880952380952348,552,0.3148140625106598,5.546004159350273,1.542355839969832,1.2782222249378403,3.513157410994955,552,0.2571428571428571,5.0,1.4702745087675595,1.2,3.5,552,0.3148140625106598,5.546004159350273,1.3842052628450252,1.1415629888801435,2.9786685982564234,552,552.0,0.0,0.0,0.0,552.0,552.0,0.0,0.0,0.0,0.0,0.0,0.0,1.0,383.0,0.6938405797101449,552.0,0.0,0.0,2073.611728847027,1584.0,1584.0,34848.0,114048.0,1.0,7.0,15.0,25.0,25.0,13.0,0.0,299.0,299.0,182289.0,1402.0,0.0,0.19230452742622978,2.0,5465.0,8884.0,48.0,1003.0,1580.0,459.0,0.0,2395786.0,1584.0,73972.77161665261,2527.0,24.0,24.0,301.72727272727275,360.0,76.57575757575758,96.0,96.0,1878.0,0.0,2498237.0,48.0,48.0,0.0,24.0,0.0,0.0,0.0,0.0,0.0,0.0,0.0,0.0,0.0,0.0,0.0,0.0,0.0,0.0,641.0,0.0,139.0,1.0,93705.46732656658
34,2040000000000,0.0,7.0,3.412247474747475,3.0,5.0,1584,0.0,24.0,23.954545454545453,24.0,24.0,1584,0.0,0.0,0.0,0.0,0.0,1584,0.0,7.0,3.412247474747475,3.0,5.0,1584,0.0,0.0,0.0,0.0,0.0,0,0.0,0.0,0.0,0.0,0.0,0,6.3269604795263055,222.19428154567888,88.21802187970447,84.76078468362246,159.3252057919589,552,4.226408232391224,153.7795291150031,68.54500276886581,69.88312794207957,119.6621160555381,552,-79.92076655180641,155.5863811741625,19.673019110838645,14.170292134119993,85.03708466003411,552,1.0,1.5714285714285714,1.062959422724717,1.0,1.2222222222222223,552,1.0,1.7487950665451857,1.089238960301937,1.0066811845543602,1.3108949781367145,552,0.28,6.25,1.5837537969272402,1.2941176470588236,3.8038461538461488,552,0.3306415237974935,8.143951651633856,1.5434984946360508,1.2524629579095605,3.5220968781725026,552,0.28,6.25,1.4885953874425044,1.2,3.6880952380952348,552,0.3306415237974935,7.529382089250162,1.4116567683393926,1.1410443441274531,3.011766060367903,552,552.0,0.0,0.0,0.0,552.0,552.0,0.0,0.0,0.0,0.0,0.0,0.0,1.0,401.0,0.7264492753623188,552.0,0.0,0.0,2126.9910763949156,1584.0,1584.0,34848.0,114048.0,1.0,7.0,20.0,33.0,33.0,16.0,0.0,368.0,368.0,178339.0,1388.0,0.0,0.18470441126169823,2.0,5408.0,8525.0,48.0,1184.0,1581.0,408.0,0.0,2402298.0,1584.0,72335.66027879715,2522.0,24.0,24.0,301.27272727272725,360.0,76.42424242424242,96.0,72.0,1858.0,0.0,2500678.0,48.0,48.0,0.0,24.0,0.0,0.0,0.0,0.0,0.0,0.0,0.0,0.0,0.0,0.0,0.0,0.0,0.0,0.0,646.0,0.0,123.0,1.0,92426.09620653093
35,2100000000000,0.0,8.0,3.4053030303030303,3.0,5.0,1584,0.0,24.0,23.924242424242426,24.0,24.0,1584,0.0,0.0,0.0,0.0,0.0,1584,0.0,8.0,3.4053030303030303,3.0,5.0,1584,0.0,0.0,0.0,0.0,0.0,0,0.0,0.0,0.0,0.0,0.0,0,6.368822186915258,252.4082173859244,87.31375819813948,84.48170767131055,152.90502993421364,552,4.067523106268403,149.0448149922594,68.3126345487935,68.05041333879274,121.68899446971318,552,-79.28778596471486,187.6520651956847,19.001123649345974,14.629712151949754,87.92229958815332,552,1.0,1.5714285714285714,1.0670805911039964,1.0,1.2574999999999987,552,1.0,1.5969703567624656,1.0917610809844491,1.0070479219847952,1.3850690480335888,552,0.27586206896551724,5.5,1.573845312802341,1.2768199233716475,3.6666666666666665,552,0.32893438287915533,7.241570186321781,1.5443597502795166,1.256005942121058,3.5234183887998816,552,0.27586206896551724,5.5,1.4781480941763308,1.2,3.5,552,0.32893438287915533,6.736400845516783,1.4144000947156357,1.1448978394886753,3.214800359569052,552,552.0,0.0,0.0,0.0,552.0,552.0,0.0,0.0,0.0,0.0,0.0,0.0,1.0,387.0,0.7010869565217391,552.0,0.0,0.0,2153.5440627485514,1584.0,1584.0,34848.0,114048.0,1.0,7.0,20.0,30.0,30.0,13.0,0.0,299.0,299.0,177777.0,1406.0,0.0,0.19429960006075025,2.0,5442.0,8579.0,45.0,1182.0,1578.0,428.0,0.0,2395468.0,1584.0,71839.00658786297,2518.0,24.0,24.0,300.90909090909093,360.0,76.3030303030303,96.0,96.0,1846.0,0.0,2494246.0,48.0,48.0,0.0,24.0,0.0,0.0,0.0,0.0,0.0,0.0,0.0,0.0,0.0,0.0,0.0,0.0,0.0,0.0,650.0,0.0,132.0,1.0,90815.07847458124
36,2160000000000,0.0,8.0,3.3914141414141414,3.0,5.0,1584,0.0,24.0,23.939393939393938,24.0,24.0,1584,0.0,0.0,0.0,0.0,0.0,1584,0.0,8.0,3.3914141414141414,3.0,5.0,1584,0.0,0.0,0.0,0.0,0.0,0,0.0,0.0,0.0,0.0,0.0,0,4.00262133178814,222.9607526448357,87.65801781713301,85.59462229310373,152.44127570196912,552,4.00262133178814,151.8668721810088,69.13791661280685,71.43271933780557,120.77845870007624,552,-90.05777525537194,157.53762859703536,18.520101204326167,16.418613732241056,89.56983071595981,552,1.0,1.5,1.0702957982340668,1.0,1.25,552,1.0,1.7740464317894196,1.0905450878490937,1.0133422350167207,1.3671096957262667,552,0.22727272727272727,6.2,1.5823259239013752,1.3,3.871428571428569,552,0.2726586977992591,7.244969822674187,1.5303648322918901,1.2443103872582562,3.468240269405808,552,0.22727272727272727,6.2,1.485785086096549,1.2,3.643749999999997,552,0.2726586977992591,7.149443712891383,1.4075179733959615,1.1398898389434793,3.3523197795865127,552,552.0,0.0,0.0,0.0,552.0,552.0,0.0,0.0,0.0,0.0,0.0,0.0,1.0,388.0,0.7028985507246377,552.0,0.0,0.0,2099.553005769849,1584.0,1584.0,34848.0,114048.0,1.0,7.0,20.0,34.0,34.0,19.0,0.0,437.0,437.0,183258.0,1420.0,0.0,0.18188019076929793,2.0,5481.0,8953.0,53.0,1075.0,1579.0,452.0,0.0,2409858.0,1584.0,69483.63076709211,2499.0,24.0,24.0,299.1818181818182,360.0,74.20138888888889,96.0,72.0,1944.0,0.0,2497207.0,48.0,48.0,0.0,24.0,1.0,0.0,0.0,0.0,0.0,0.0,0.0,0.0,0.0,0.0,0.0,0.0,0.0,0.0,669.0,0.0,141.0,1.0,89177.97548882663
37,2220000000000,0.0,8.0,3.393308080808081,3.0,5.0,1584,0.0,24.0,23.893939393939394,24.0,24.0,1584,0.0,0.0,0.0,0.0,0.0,1584,0.0,8.0,3.393308080808081,3.0,5.0,1584,0.0,0.0,0.0,0.0,0.0,0,0.0,0.0,0.0,0.0,0.0,0,10.788460054330317,239.51606754875328,89.24923643136063,87.93657014988622,152.10707372308576,552,4.301739722218095,152.9797942013865,67.88718460207917,67.61675507800112,123.3429478062447,552,-88.30405870637279,133.48242266555835,21.36205182928147,17.951632101531384,92.97865849464142,552,1.0,1.588235294117647,1.0795062348969005,1.0,1.2979629629629628,552,1.0,1.835308134958834,1.1046591737363665,1.0288692062713385,1.3954559488242277,552,0.3,6.5,1.6851506580676983,1.3333333333333333,4.0,552,0.3226082725297274,8.978938889358943,1.625999031739646,1.2924611244518265,3.670179634757526,552,0.27586206896551724,6.2,1.5684328496671036,1.245,3.75,552,0.302191799535287,8.35472747679194,1.4733656445986385,1.1691724461581061,3.2006524533977294,552,552.0,0.0,0.0,0.0,552.0,552.0,0.0,0.0,0.0,0.0,0.0,0.0,1.0,392.0,0.7101449275362319,552.0,0.0,0.0,2031.4177758991718,1584.0,1584.0,34848.0,114048.0,1.0,7.0,20.0,26.0,26.0,9.0,0.0,207.0,207.0,180520.0,1384.0,0.0,0.17349878129847107,2.0,5442.0,9248.0,52.0,1185.0,1576.0,465.0,0.0,2398700.0,1584.0,68132.98620656133,2499.0,24.0,24.0,299.1818181818182,360.0,74.17045454545455,96.0,144.0,1972.0,0.0,2490378.0,48.0,48.0,0.0,24.0,1.0,0.0,0.0,0.0,0.0,0.0,0.0,0.0,0.0,0.0,0.0,0.0,0.0,0.0,669.0,0.0,130.0,1.0,86999.06497448683
38,2280000000000,0.0,7.0,3.369949494949495,3.0,5.0,1584,0.0,24.0,23.90909090909091,24.0,24.0,1584,0.0,0.0,0.0,0.0,0.0,1584,0.0,7.0,3.369949494949495,3.0,5.0,1584,0.0,0.0,0.0,0.0,0.0,0,0.0,0.0,0.0,0.0,0.0,0,10.912941332700601,211.25318586306116,88.41864511451246,83.26910725600257,161.94956220625627,552,4.030359479557021,158.31048332444163,69.28723811485843,68.1761686300909,123.57937228083772,552,-94.31577016444226,161.23669069493434,19.13140699965403,15.521223404967529,96.14904844472692,552,1.0,1.5714285714285714,1.0747577672934943,1.0,1.2802955665024625,552,1.0,1.7550340325864122,1.088051250197131,1.015477148284302,1.3373443496812627,552,0.24242424242424243,6.0,1.5934771488788795,1.3333333333333333,3.6666666666666665,552,0.3222287540471351,7.68033684643623,1.5460123316566903,1.2723282570434202,3.5522400761135975,552,0.24242424242424243,6.0,1.4874020253421785,1.2083333333333333,3.4128571428571406,552,0.3222287540471351,5.921548198125412,1.4181462398405327,1.180313479648074,3.101911653436915,552,552.0,0.0,0.0,0.0,552.0,552.0,0.0,0.0,0.0,0.0,0.0,0.0,1.0,401.0,0.7264492753623188,552.0,0.0,0.0,2015.15126042068,1584.0,1584.0,34848.0,114048.0,1.0,7.0,23.0,32.0,32.0,19.0,0.0,437.0,437.0,185697.0,1396.0,0.0,0.1685110691072015,2.0,5688.0,9454.0,49.0,1185.0,1577.0,466.0,0.0,2409248.0,1584.0,68641.24771766365,2487.0,24.0,24.0,298.09090909090907,360.0,75.36363636363636,96.0,120.0,2000.0,0.0,2493355.0,48.0,48.0,0.0,24.0,0.0,0.0,0.0,0.0,0.0,0.0,0.0,0.0,0.0,0.0,0.0,0.0,0.0,0.0,681.0,0.0,116.0,1.0,87658.37468393147
39,2340000000000,0.0,8.0,3.3920454545454546,3.0,5.0,1584,0.0,24.0,23.908459595959595,24.0,24.0,1584,0.0,0.0,0.0,0.0,0.0,1584,0.0,8.0,3.3920454545454546,3.0,5.0,1584,0.0,0.0,0.0,0.0,0.0,0,0.0,0.0,0.0,0.0,0.0,0,3.919628083172126,227.61086481078274,87.29110740350433,83.92667247184846,159.75884851054406,552,3.919628083172126,151.09529512947398,68.60186166162379,69.4757904861415,118.77595372015459,552,-81.83047454778261,157.36491970081124,18.68924574188053,14.497911740391636,89.88283418588038,552,1.0,1.5333333333333334,1.0771103489919984,1.0563492063492064,1.25,552,1.0,2.0047047022012774,1.1036626235829945,1.0500110532665303,1.366257080614422,552,0.25,6.5,1.5620486184048452,1.2768199233716475,3.6666666666666665,552,0.2563320965302155,10.104774710403285,1.5145589733812173,1.2254472980060531,3.4359181343252683,552,0.25,5.5,1.45076740133942,1.2,3.524999999999996,552,0.2563320965302155,7.782569278275796,1.3656435764070913,1.130153429910614,2.9654128852460073,552,552.0,0.0,0.0,0.0,552.0,552.0,0.0,0.0,0.0,0.0,0.0,0.0,1.0,384.0,0.6956521739130435,552.0,0.0,0.0,2032.6831955462694,1584.0,1584.0,34848.0,114048.0,1.0,7.0,21.0,36.0,36.0,21.0,0.0,483.0,483.0,177192.0,1377.0,0.0,0.16666102307101902,2.0,5367.0,9202.0,39.0,1111.0,1574.0,395.0,0.0,2392937.0,1584.0,67300.03567785025,2499.0,24.0,24.0,299.1818181818182,360.0,74.20643939393939,96.0,96.0,2004.0,0.0,2486894.0,48.0,48.0,0.0,24.0,1.0,0.0,0.0,0.0,0.0,0.0,0.0,0.0,0.0,0.0,0.0,0.0,0.0,0.0,669.0,0.0,128.0,1.0,85848.5701046884
40,2400000000000,0.0,8.0,3.3623737373737375,3.0,5.0,1584,0.0,24.0,23.939393939393938,24.0,24.0,1584,0.0,0.0,0.0,0.0,0.0,1584,0.0,8.0,3.3623737373737375,3.0,5.0,1584,0.0,0.0,0.0,0.0,0.0,0,0.0,0.0,0.0,0.0,0.0,0,6.0612041137954105,225.63932106553648,88.1905238064469,84.88999311459298,159.23817763884477,552,4.234347266334499,156.09100097532828,68.72546166903408,68.6028831091061,123.26411023164646,552,-84.37362741487897,159.32883040226685,19.46506213741281,15.346091382106579,94.92079638666554,552,1.0,1.5263157894736843,1.0742717506568176,1.0,1.25,552,1.0,1.6835337153431067,1.095967194281302,1.0182458422023934,1.35670350764309,552,0.28125,6.666666666666667,1.594452517938725,1.278888888888889,3.762499999999998,552,0.30441139761771724,7.425946153829301,1.548718886682508,1.247822927599648,3.519700811968932,552,0.28125,6.666666666666667,1.489352368994913,1.1801948051948052,3.4,552,0.30441139761771724,7.385907139162179,1.4166526548343839,1.1204856712598295,3.1971514110494703,552,552.0,0.0,0.0,0.0,552.0,552.0,0.0,0.0,0.0,0.0,0.0,0.0,1.0,398.0,0.7210144927536232,552.0,0.0,0.0,2026.5328343957663,1584.0,1584.0,34848.0,114048.0,1.0,7.0,19.0,27.0,27.0,14.0,0.0,322.0,322.0,206196.0,1418.0,0.0,0.17519253525771597,2.0,6256.0,9810.0,49.0,1189.0,1580.0,458.0,0.0,2412396.0,1584.0,68630.28078339994,2483.0,24.0,24.0,297.72727272727275,360.0,75.24242424242425,96.0,96.0,2092.0,0.0,2498570.0,48.0,48.0,0.0,24.0,0.0,0.0,0.0,0.0,0.0,0.0,0.0,0.0,0.0,0.0,0.0,0.0,0.0,0.0,685.0,0.0,116.0,1.0,87764.40650597215
41,2460000000000,0.0,8.0,3.3428030303030303,3.0,5.0,1584,0.0,24.0,23.954545454545453,24.0,24.0,1584,0.0,0.0,0.0,0.0,0.0,1584,0.0,8.0,3.3428030303030303,3.0,5.0,1584,0.0,0.0,0.0,0.0,0.0,0,0.0,0.0,0.0,0.0,0.0,0,4.317546490779297,198.6120839785113,88.73357674013826,83.94234920513365,161.80013699531528,552,3.9383241422304227,166.15157096968005,68.54624678495848,67.71336853250773,126.58975031111346,552,-102.23488748816644,144.52299546970295,20.187329955179777,17.135695265861557,96.3845975792617,552,1.0,1.588235294117647,1.0901315110620693,1.0,1.3421568627450966,552,1.0,1.948323704620591,1.1120052646452407,1.0365724539499044,1.4458271244101149,552,0.25,6.25,1.5980109086825516,1.3333333333333333,3.8257142857142816,552,0.2485068935400483,6.514644476073794,1.5567538464062223,1.317148936432739,3.5430003632787623,552,0.25,5.75,1.4764743724061429,1.2,3.6666666666666665,552,0.2485068935400483,6.506696845690158,1.4116608126277852,1.1256127197792791,3.2810816838265877,552,552.0,0.0,0.0,0.0,552.0,552.0,0.0,0.0,0.0,0.0,0.0,0.0,1.0,397.0,0.7192028985507246,552.0,0.0,0.0,1991.8597042560577,1584.0,1584.0,34848.0,114048.0,1.0,7.0,22.0,35.0,35.0,20.0,0.0,460.0,460.0,223722.0,1454.0,0.0,0.1816718963713895,2.0,6507.0,10373.0,45.0,1190.0,1581.0,462.0,0.0,2422929.0,1584.0,67882.424460724,2465.0,24.0,24.0,296.09090909090907,360.0,71.58459595959596,92.0,72.0,2217.0,0.0,2500862.0,48.0,48.0,0.0,24.0,2.0,0.0,0.0,0.0,0.0,0.0,0.0,0.0,0.0,0.0,0.0,0.0,0.0,0.0,703.0,0.0,144.0,1.0,87611.6994600743
42,2520000000000,0.0,8.0,3.356691919191919,3.0,5.0,1584,0.0,24.0,23.954545454545453,24.0,24.0,1584,0.0,0.0,0.0,0.0,0.0,1584,0.0,8.0,3.356691919191919,3.0,5.0,1584,0.0,0.0,0.0,0.0,0.0,0,0.0,0.0,0.0,0.0,0.0,0,4.518367294950428,232.93327523438992,88.17944527106637,83.57834380473642,158.7789018405937,552,4.1211041323127615,156.01590106916134,68.9749194131377,67.65999749823976,125.56039135125955,552,-81.60615390308467,168.23882331406224,19.204525857928672,14.406687365612475,94.718111867888,552,1.0,1.8421052631578947,1.0798963963760673,1.0,1.2857142857142858,552,1.0,1.69180279877256,1.1031962849499468,1.0179495662797444,1.385842707180451,552,0.23529411764705882,6.0,1.5938295143545165,1.3333333333333333,3.888888888888889,552,0.21369133331079498,8.438733217422628,1.5408962929636107,1.2667939102924848,3.6111701888791288,552,0.23529411764705882,6.0,1.479236544434192,1.203448275862069,3.4654545454545356,552,0.21369133331079498,8.438733217422628,1.3999961220735142,1.1471602735243849,2.9863999212482133,552,552.0,0.0,0.0,0.0,552.0,552.0,0.0,0.0,0.0,0.0,0.0,0.0,1.0,398.0,0.7210144927536232,552.0,0.0,0.0,1998.2418958097696,1584.0,1584.0,34848.0,114048.0,1.0,7.0,18.0,26.0,26.0,13.0,0.0,299.0,299.0,221531.0,1449.0,0.0,0.18693997679782964,2.0,6441.0,10492.0,45.0,1075.0,1581.0,437.0,0.0,2422509.0,1584.0,69014.7390384227,2471.0,24.0,24.0,296.6363636363636,360.0,73.33080808080808,96.0,72.0,2179.0,0.0,2501425.0,48.0,48.0,0.0,24.0,1.0,0.0,0.0,0.0,0.0,0.0,0.0,0.0,0.0,0.0,0.0,0.0,0.0,0.0,697.0,0.0,134.0,1.0,89062.71780282259
43,2580000000000,0.0,8.0,3.3686868686868685,3.0,5.0,1584,0.0,24.0,23.954545454545453,24.0,24.0,1584,0.0,0.0,0.0,0.0,0.0,1584,0.0,8.0,3.3686868686868685,3.0,5.0,1584,0.0,0.0,0.0,0.0,0.0,0,0.0,0.0,0.0,0.0,0.0,0,11.290687591643051,232.1079794710882,88.67660720034,84.48858817527454,166.33518466524038,552,4.3363657600752585,154.2613877359708,68.93855188975607,70.17797658002345,123.39963735359109,552,-92.87448795732055,177.77953166829246,19.738055310583928,16.872879414322284,98.22809923526924,552,1.0,1.5,1.0807794045702446,1.0,1.2666666666666666,552,1.0,1.8086232355884262,1.1099845137586002,1.0231496534697744,1.4037137970112088,552,0.30303030303030304,7.333333333333333,1.593580091332444,1.3114224137931034,3.8207692307692276,552,0.3534163323622913,12.995884880754234,1.5738786490351524,1.2697478510896714,3.55621074821191,552,0.30303030303030304,6.0,1.46374257054402,1.2,3.4357142857142846,552,0.3534163323622913,9.967454830442703,1.3988380771207323,1.1424439962521358,2.978316572106708,552,552.0,0.0,0.0,0.0,552.0,552.0,0.0,0.0,0.0,0.0,0.0,0.0,1.0,400.0,0.7246376811594203,552.0,0.0,0.0,2008.213298395276,1584.0,1584.0,34848.0,114048.0,1.0,7.0,19.0,34.0,34.0,19.0,0.0,437.0,437.0,213304.0,1427.0,0.0,0.17803229194014178,2.0,6390.0,9567.0,46.0,1184.0,1580.0,464.0,0.0,2413862.0,1584.0,67792.2694850713,2483.0,24.0,24.0,297.72727272727275,360.0,75.24242424242425,96.0,48.0,2201.0,0.0,2499221.0,48.0,48.0,0.0,24.0,0.0,0.0,0.0,0.0,0.0,0.0,0.0,0.0,0.0,0.0,0.0,0.0,0.0,0.0,685.0,0.0,124.0,1.0,87475.26152059436
44,2640000000000,0.0,8.0,3.367424242424242,3.0,5.0,1584,0.0,24.0,23.90909090909091,24.0,24.0,1584,0.0,0.0,0.0,0.0,0.0,1584,0.0,8.0,3.367424242424242,3.0,5.0,1584,0.0,0.0,0.0,0.0,0.0,0,0.0,0.0,0.0,0.0,0.0,0,8.76587089776301,222.48473453322504,88.44521984850707,86.11176095187011,161.73102164920428,552,3.9392666692769174,153.97156858954276,68.98935889155099,68.82126449989269,124.59150227656015,552,-79.58089549505425,157.26560813385407,19.455860956956073,14.277422715457575,97.2269098754205,552,1.0,1.608695652173913,1.0840918357511393,1.0,1.2802955665024625,552,1.0,1.8988938071887793,1.1116721973673587,1.0261103453059572,1.4178354528690638,552,0.25,6.666666666666667,1.586359069690737,1.2857142857142858,3.7499999999999964,552,0.30858639662117243,6.317640450075132,1.5576570970493233,1.2339168682045436,3.5900416698384547,552,0.25,6.666666666666667,1.4599690372200598,1.1818181818181819,3.4694444444444406,552,0.30858639662117243,6.088070627268216,1.392241254297311,1.1320822817152854,3.059004958420631,552,552.0,0.0,0.0,0.0,552.0,552.0,0.0,0.0,0.0,0.0,0.0,0.0,1.0,394.0,0.7137681159420289,552.0,0.0,0.0,2032.6155554503202,1584.0,1584.0,34848.0,114048.0,1.0,7.0,20.0,35.0,35.0,16.0,0.0,368.0,368.0,206153.0,1420.0,0.0,0.2005112707552158,2.0,6282.0,10144.0,47.0,1181.0,1577.0,478.0,0.0,2398130.0,1584.0,67410.55435314775,2487.0,24.0,24.0,298.09090909090907,360.0,75.36363636363636,96.0,120.0,2137.0,0.0,2491191.0,48.0,48.0,0.0,24.0,0.0,0.0,0.0,0.0,0.0,0.0,0.0,0.0,0.0,0.0,0.0,0.0,0.0,0.0,681.0,0.0,142.0,1.0,86616.45275168121
45,2700000000000,0.0,7.0,3.3876262626262625,3.0,5.0,1584,0.0,24.0,23.954545454545453,24.0,24.0,1584,0.0,0.0,0.0,0.0,0.0,1584,0.0,7.0,3.3876262626262625,3.0,5.0,1584,0.0,0.0,0.0,0.0,0.0,0,0.0,0.0,0.0,0.0,0.0,0,3.9492356492170324,207.0780287017667,88.23560352328106,86.44786174060616,167.47811159440164,552,3.9492356492170324,145.105688280589,67.46863473422485,68.0307419759589,120.2914672830142,552,-82.13345754630271,136.69583953975732,20.766968789056197,14.893879841043933,94.01282715641806,552,1.0,1.5714285714285714,1.0862765104807859,1.0,1.3333333333333333,552,1.0,1.9026708249078021,1.1165104555986012,1.017254597661217,1.4748999044486963,552,0.25,6.333333333333333,1.5748577871524327,1.3114224137931034,3.586805555555551,552,0.2509632849785185,8.426844728290705,1.55423981591598,1.2826361787642586,3.3404561316018775,552,0.25,5.8,1.4595140852897643,1.1818181818181819,3.4115384615384574,552,0.2509632849785185,7.45429607301299,1.402752042569945,1.1468053242543723,3.0554104411255834,552,552.0,0.0,0.0,0.0,552.0,552.0,0.0,0.0,0.0,0.0,0.0,0.0,1.0,399.0,0.7228260869565217,552.0,0.0,0.0,2016.360592097044,1584.0,1584.0,34848.0,114048.0,1.0,7.0,18.0,32.0,32.0,14.0,0.0,322.0,322.0,206994.0,1404.0,0.0,0.19029053982241032,2.0,6054.0,9452.0,46.0,1181.0,1580.0,410.0,0.0,2405600.0,1584.0,67547.33944870532,2502.0,24.0,24.0,299.45454545454544,360.0,74.28977272727273,96.0,48.0,2062.0,0.0,2497743.0,48.0,48.0,0.0,24.0,1.0,0.0,0.0,0.0,0.0,0.0,0.0,0.0,0.0,0.0,0.0,0.0,0.0,0.0,666.0,0.0,123.0,1.0,86688.34009580314
46,2760000000000,0.0,8.0,3.3819444444444446,3.0,5.0,1584,0.0,24.0,23.96969696969697,24.0,24.0,1584,0.0,0.0,0.0,0.0,0.0,1584,0.0,8.0,3.3819444444444446,3.0,5.0,1584,0.0,0.0,0.0,0.0,0.0,0,0.0,0.0,0.0,0.0,0.0,0,4.230339702208252,221.7734599969919,88.71131398949078,85.62901527775928,158.85311641882333,552,4.220416378853667,154.86521788417565,67.55885462446784,66.22304945597213,123.35018903705533,552,-102.95028027122672,147.40416618058816,21.15245936502293,16.368043824105488,97.40846130143495,552,1.0,1.625,1.0751323000867987,1.0,1.2857142857142858,552,1.0,2.056101444853826,1.0978032255576178,1.010307268474945,1.3550014695468964,552,0.20588235294117646,7.0,1.6653744235693482,1.3141447368421053,4.0,552,0.2542616105621574,8.612947305503159,1.6113346831456627,1.2827425747452947,3.641069924750185,552,0.20588235294117646,6.666666666666667,1.55322192099643,1.2142857142857142,3.7777777777777777,552,0.2542616105621574,8.612947305503159,1.4714497985535313,1.1625946248335346,3.329540391551189,552,552.0,0.0,0.0,0.0,552.0,552.0,0.0,0.0,0.0,0.0,0.0,0.0,1.0,394.0,0.7137681159420289,552.0,0.0,0.0,2042.4146689474583,1584.0,1584.0,34848.0,114048.0,1.0,7.0,16.0,26.0,26.0,14.0,0.0,322.0,322.0,207025.0,1405.0,0.0,0.18031155657529285,2.0,6097.0,9105.0,41.0,1218.0,1581.0,421.0,0.0,2410368.0,1584.0,68554.36430312693,2498.0,24.0,24.0,299.09090909090907,360.0,74.13383838383838,96.0,24.0,2075.0,0.0,2501046.0,48.0,48.0,0.0,24.0,1.0,0.0,0.0,0.0,0.0,0.0,0.0,0.0,0.0,0.0,0.0,0.0,0.0,0.0,670.0,0.0,124.0,1.0,87710.66581830382
47,2820000000000,0.0,8.0,3.3768939393939394,3.0,5.0,1584,0.0,24.0,23.954545454545453,24.0,24.0,1584,0.0,0.0,0.0,0.0,0.0,1584,0.0,8.0,3.3768939393939394,3.0,5.0,1584,0.0,0.0,0.0,0.0,0.0,0,0.0,0.0,0.0,0.0,0.0,0,9.105135279022374,221.48975332039703,88.12306073935963,87.5027842707064,154.78711212359477,552,4.069510939798225,154.53502275183249,66.27384440115932,65.1745457278786,116.31554391995057,552,-89.00475434049152,164.67983306067606,21.84921633820032,17.600646580070677,92.00126222736628,552,1.0,1.6,1.0828738205811648,1.0,1.3,552,1.0,1.739151943474354,1.111704835064863,1.0152957691448319,1.442377946538538,552,0.25,5.5,1.591486413303859,1.3021739130434784,3.6,552,0.28479062934579763,11.747088424849915,1.583893648970252,1.2764751640866514,3.4077465392385466,552,0.25,5.5,1.4690807833433566,1.2,3.386249999999998,552,0.28479062934579763,11.747088424849915,1.4246894817241247,1.1498133435989322,3.006220121473146,552,552.0,0.0,0.0,0.0,552.0,552.0,0.0,0.0,0.0,0.0,0.0,0.0,1.0,407.0,0.7373188405797102,552.0,0.0,0.0,1982.417019084096,1584.0,1584.0,34848.0,114048.0,1.0,7.0,20.0,33.0,33.0,14.0,0.0,322.0,322.0,196603.0,1416.0,0.0,0.1836035055416245,2.0,5944.0,9326.0,39.0,1184.0,1580.0,460.0,0.0,2409753.0,1584.0,67282.66179934144,2491.0,24.0,24.0,298.45454545454544,360.0,75.48484848484848,96.0,48.0,2032.0,0.0,2499191.0,48.0,48.0,0.0,24.0,0.0,0.0,0.0,0.0,0.0,0.0,0.0,0.0,0.0,0.0,0.0,0.0,0.0,0.0,677.0,0.0,127.0,1.0,86214.6229725331
48,2880000000000,0.0,8.0,3.359848484848485,3.0,5.0,1584,0.0,24.0,23.96969696969697,24.0,24.0,1584,0.0,0.0,0.0,0.0,0.0,1584,0.0,8.0,3.359848484848485,3.0,5.0,1584,0.0,0.0,0.0,0.0,0.0,0,0.0,0.0,0.0,0.0,0.0,0,3.9595690479311525,235.6297332057994,87.44679631274167,85.33662456617697,160.55335492136157,552,3.9595690479311525,153.2690885937459,67.85438299904092,66.20300009053315,123.49995237874032,552,-81.75382812146256,176.67395618987064,19.592413313700746,14.608685647051516,95.09335550232495,552,1.0,1.434782608695652,1.0764211689270766,1.0,1.2857142857142858,552,1.0,1.6649323045321005,1.103939621358241,1.0120572454919294,1.4169088358974509,552,0.2631578947368421,6.333333333333333,1.6082088408155237,1.2857142857142858,3.944999999999993,552,0.3200963641614129,7.178446049938628,1.557112650972114,1.2516503995967927,3.671674110995712,552,0.2631578947368421,6.333333333333333,1.4911894677948636,1.2,3.5,552,0.3200963641614129,7.178446049938628,1.407482262751772,1.1388627268347586,2.9635963606871747,552,552.0,0.0,0.0,0.0,552.0,552.0,0.0,0.0,0.0,0.0,0.0,0.0,1.0,392.0,0.7101449275362319,552.0,0.0,0.0,1999.749006703496,1584.0,1584.0,34848.0,114048.0,1.0,7.0,21.0,31.0,31.0,16.0,0.0,368.0,368.0,222089.0,1448.0,0.0,0.18873064402109063,2.0,6469.0,10172.0,39.0,1185.0,1582.0,401.0,0.0,2420465.0,1584.0,66798.30120690167,2474.0,24.0,24.0,296.90909090909093,360.0,73.44128787878788,96.0,48.0,2171.0,0.0,2503175.0,48.0,48.0,0.0,24.0,1.0,0.0,0.0,0.0,0.0,0.0,0.0,0.0,0.0,0.0,0.0,0.0,0.0,0.0,694.0,0.0,133.0,1.0,86071.69193960726
49,2940000000000,0.0,7.0,3.3630050505050506,3.0,5.0,1584,0.0,24.0,23.954545454545453,24.0,24.0,1584,0.0,0.0,0.0,0.0,0.0,1584,0.0,7.0,3.3630050505050506,3.0,5.0,1584,0.0,0.0,0.0,0.0,0.0,0,0.0,0.0,0.0,0.0,0.0,0,6.114628737995032,267.72951256644257,88.52935592576974,84.13571352195129,162.6385743198724,552,4.261020927684578,157.13083726670322,67.59013064790967,67.92174716256541,119.84782681303558,552,-84.72840766807386,216.50106543319654,20.93922527786008,15.527287854049483,94.60248500419607,552,1.0,1.7692307692307692,1.0954693971580098,1.064516129032258,1.3,552,1.0,1.7216030236730815,1.1239229443697047,1.0543662331202774,1.4263096690426844,552,0.22580645161290322,8.0,1.5957353053177608,1.3,3.813492063492058,552,0.3063532417387141,10.270148828370065,1.556092409170258,1.269293656327835,3.5931679595761783,552,0.22580645161290322,7.333333333333333,1.4563198520236496,1.2,3.3333333333333335,552,0.29770209115983226,10.254055942014435,1.3839358106073334,1.1214622534837295,3.0428682480530926,552,552.0,0.0,0.0,0.0,552.0,552.0,0.0,0.0,0.0,0.0,0.0,0.0,1.0,392.0,0.7101449275362319,552.0,0.0,0.0,1976.540619507432,1584.0,1584.0,34848.0,114048.0,1.0,7.0,22.0,34.0,34.0,18.0,0.0,414.0,414.0,217524.0,1444.0,0.0,0.1934545153638219,2.0,6562.0,10416.0,43.0,1184.0,1581.0,451.0,0.0,2419051.0,1584.0,66792.52962581813,2483.0,24.0,24.0,297.72727272727275,360.0,75.24242424242425,96.0,72.0,2098.0,0.0,2501438.0,48.0,48.0,0.0,24.0,0.0,0.0,0.0,0.0,0.0,0.0,0.0,0.0,0.0,0.0,0.0,0.0,0.0,0.0,685.0,0.0,115.0,1.0,86240.27606286108
50,3000000000000,0.0,8.0,3.397727272727273,3.0,5.0,1584,0.0,24.0,23.96969696969697,24.0,24.0,1584,0.0,0.0,0.0,0.0,0.0,1584,0.0,8.0,3.397727272727273,3.0,5.0,1584,0.0,0.0,0.0,0.0,0.0,0,0.0,0.0,0.0,0.0,0.0,0,4.204875210703266,219.6655923766265,89.91565745277889,85.98400846870246,163.62797446700404,552,3.9074713397226293,147.75930137280812,66.82949267167503,65.5279022878811,119.50296220003688,552,-87.16067329193075,146.0526091347258,23.08616478110387,17.965362183785114,102.09158587799007,552,1.0,1.6,1.1055754866915937,1.0909090909090908,1.3333333333333333,552,1.0,1.897877066262341,1.144039050294523,1.1051499890531962,1.4888660265093234,552,0.23333333333333334,8.0,1.694277342967901,1.3214285714285714,4.0,552,0.30812298409186284,11.088640126743567,1.6507816147400305,1.2889700706555751,3.8613143746809584,552,0.23333333333333334,7.333333333333333,1.5320179845596826,1.1904761904761905,3.6816666666666644,552,0.30812298409186284,7.2357019868281816,1.4357349691850585,1.1197669150245364,3.2247743465082657,552,552.0,0.0,0.0,0.0,552.0,552.0,0.0,0.0,0.0,0.0,0.0,0.0,1.0,392.0,0.7101449275362319,552.0,0.0,0.0,1976.9550487399101,1584.0,1584.0,34848.0,114048.0,1.0,7.0,22.0,30.0,30.0,15.0,0.0,345.0,345.0,201464.0,1412.0,0.0,0.19339435333359806,2.0,5832.0,9185.0,39.0,1185.0,1582.0,397.0,0.0,2416936.0,1584.0,67225.42881406844,2513.0,24.0,24.0,300.45454545454544,360.0,74.66414141414141,96.0,48.0,1941.0,0.0,2503164.0,48.0,48.0,0.0,24.0,1.0,0.0,0.0,0.0,0.0,0.0,0.0,0.0,0.0,0.0,0.0,0.0,0.0,0.0,655.0,0.0,130.0,1.0,85970.87089158595
51,3060000000000,0.0,8.0,3.419191919191919,3.0,5.0,1584,0.0,24.0,23.984848484848484,24.0,24.0,1584,0.0,0.0,0.0,0.0,0.0,1584,0.0,8.0,3.419191919191919,3.0,5.0,1584,0.0,0.0,0.0,0.0,0.0,0,0.0,0.0,0.0,0.0,0.0,0,8.661280078734096,226.96311366484127,87.16804623683952,84.28489677797435,162.52033101489135,552,4.039526029370625,151.39757351074363,67.21516623321949,66.9915063820277,120.74944082688819,552,-91.77490442978643,162.0343784926519,19.952880003620038,15.877992394506702,105.9527932303966,552,1.0,1.5714285714285714,1.0892793393809346,1.0667408231368185,1.3076923076923077,552,1.0,1.8875331782823392,1.1160677849630336,1.0774351983533879,1.381661633199442,552,0.21875,7.5,1.6114347879759892,1.3,3.7724999999999964,552,0.26748349554690926,9.390564147890045,1.554949721091691,1.270880616626195,3.523932687670209,552,0.21875,6.0,1.4780306139020765,1.2,3.5,552,0.26748349554690926,6.759182916222452,1.3874740027305064,1.1544628433998763,3.067670089976549,552,552.0,0.0,0.0,0.0,552.0,552.0,0.0,0.0,0.0,0.0,0.0,0.0,1.0,381.0,0.6902173913043478,552.0,0.0,0.0,2010.2228932082653,1584.0,1584.0,34848.0,114048.0,1.0,7.0,21.0,29.0,29.0,17.0,0.0,391.0,391.0,196655.0,1393.0,0.0,0.19281991304568916,2.0,5938.0,8652.0,42.0,1195.0,1583.0,416.0,0.0,2414385.0,1584.0,66831.09042607248,2520.0,24.0,24.0,301.09090909090907,360.0,76.36363636363636,96.0,24.0,1966.0,0.0,2504883.0,48.0,48.0,0.0,24.0,0.0,0.0,0.0,0.0,0.0,0.0,0.0,0.0,0.0,0.0,0.0,0.0,0.0,0.0,648.0,0.0,117.0,1.0,84934.0570513159
52,3120000000000,0.0,8.0,3.4109848484848486,3.0,5.0,1584,0.0,24.0,23.96969696969697,24.0,24.0,1584,0.0,0.0,0.0,0.0,0.0,1584,0.0,8.0,3.4109848484848486,3.0,5.0,1584,0.0,0.0,0.0,0.0,0.0,0,0.0,0.0,0.0,0.0,0.0,0,11.223585020904862,219.61937580172432,88.84788285916711,85.86365579532492,160.9205219339973,552,4.2001540278908545,160.0523736690072,69.28172859402737,67.67634604591981,125.51447399348535,552,-101.32045023383944,156.2956806741521,19.566154265139744,16.101930492100223,96.98551602059416,552,1.0,1.6153846153846154,1.0787926653814122,1.0,1.3076923076923077,552,1.0,2.05927729724624,1.108140799861727,1.0070011694783163,1.4563782688497104,552,0.24242424242424243,6.5,1.5951070237137177,1.3076923076923077,3.8,552,0.20345037382111344,13.133276467757232,1.5720386910219502,1.2737085611936834,3.871485128706101,552,0.24242424242424243,5.5,1.4749055442631858,1.2,3.5499999999999994,552,0.20345037382111344,10.15639374714136,1.4104749447424034,1.1562305178109449,3.0543634114023055,552,552.0,0.0,0.0,0.0,552.0,552.0,0.0,0.0,0.0,0.0,0.0,0.0,1.0,391.0,0.7083333333333334,552.0,0.0,0.0,1967.798225581646,1584.0,1584.0,34848.0,114048.0,1.0,7.0,18.0,28.0,28.0,17.0,0.0,391.0,391.0,207778.0,1406.0,0.0,0.19257572986552957,2.0,6268.0,9318.0,49.0,1193.0,1582.0,422.0,0.0,2408577.0,1584.0,66426.40328779817,2514.0,24.0,24.0,300.54545454545456,360.0,76.18181818181819,96.0,48.0,2085.0,0.0,2502749.0,48.0,48.0,0.0,24.0,0.0,0.0,0.0,0.0,0.0,0.0,0.0,0.0,0.0,0.0,0.0,0.0,0.0,0.0,654.0,0.0,146.0,1.0,84872.87338264287
53,3180000000000,0.0,8.0,3.393308080808081,3.0,5.0,1584,0.0,24.0,23.96969696969697,24.0,24.0,1584,0.0,0.0,0.0,0.0,0.0,1584,0.0,8.0,3.393308080808081,3.0,5.0,1584,0.0,0.0,0.0,0.0,0.0,0,0.0,0.0,0.0,0.0,0.0,0,9.52001375001155,266.1597528283359,89.68118027254373,85.68586066565166,162.7542426764832,552,3.997378746599422,166.31384305063375,69.34637641856114,67.69860827715212,126.79977976626454,552,-91.52014034584323,194.1040850629483,20.33480385398258,16.31608268622398,94.59345346390242,552,1.0,1.6666666666666667,1.0850398385906026,1.0,1.303461538461538,552,1.0,2.064816912377517,1.118973154642642,1.0284877717554788,1.4362896083020167,552,0.25806451612903225,6.666666666666667,1.6032409908215233,1.3,3.762499999999998,552,0.300540296297818,8.265585033322939,1.5838288004919472,1.2730093587442295,3.5542216033365404,552,0.25806451612903225,6.666666666666667,1.4826307806630212,1.203448275862069,3.3520833333333306,552,0.300540296297818,8.265585033322939,1.4151890588274143,1.1613689029225522,2.9551727244192314,552,552.0,0.0,0.0,0.0,552.0,552.0,0.0,0.0,0.0,0.0,0.0,0.0,1.0,393.0,0.7119565217391305,552.0,0.0,0.0,1984.1539021581411,1584.0,1584.0,34848.0,114048.0,1.0,7.0,22.0,37.0,37.0,18.0,0.0,414.0,414.0,214831.0,1393.0,0.0,0.20902476830625003,2.0,6352.0,9891.0,50.0,1185.0,1582.0,483.0,0.0,2410386.0,1584.0,67133.34548845887,2505.0,24.0,24.0,299.72727272727275,360.0,75.9090909090909,96.0,48.0,2123.0,0.0,2502457.0,48.0,48.0,0.0,24.0,0.0,0.0,0.0,0.0,0.0,0.0,0.0,0.0,0.0,0.0,0.0,0.0,0.0,0.0,663.0,0.0,137.0,1.0,85762.80618831515
54,3240000000000,0.0,8.0,3.4166666666666665,3.0,5.0,1584,0.0,24.0,23.96969696969697,24.0,24.0,1584,0.0,0.0,0.0,0.0,0.0,1584,0.0,8.0,3.4166666666666665,3.0,5.0,1584,0.0,0.0,0.0,0.0,0.0,0,0.0,0.0,0.0,0.0,0.0,0,3.929470100278507,210.35158867531376,89.12278049110066,89.36956791141752,163.02074401672263,552,3.929470100278507,155.6184745320768,68.51313622455255,69.32974184484738,119.58119520267445,552,-84.82419637820458,142.94991219604503,20.609644266548106,16.044269330804703,94.4912075313861,552,1.0,1.6666666666666667,1.0988700839928818,1.0714285714285714,1.3333333333333333,552,1.0,1.841044934419871,1.1174140628789735,1.0578961671588734,1.4174337914849147,552,0.26666666666666666,6.0,1.6121302249251173,1.2941176470588236,3.944999999999993,552,0.3201721495410323,8.349215481779567,1.5654795864160962,1.2446949107348018,3.666961724526974,552,0.26666666666666666,5.0,1.466338492153489,1.2,3.6666666666666665,552,0.3201721495410323,5.986502666662358,1.3917295278807327,1.1527236604744449,3.1994440461396905,552,552.0,0.0,0.0,0.0,552.0,552.0,0.0,0.0,0.0,0.0,0.0,0.0,1.0,390.0,0.7065217391304348,552.0,0.0,0.0,2002.714967355132,1584.0,1584.0,34848.0,114048.0,1.0,7.0,20.0,34.0,34.0,19.0,0.0,437.0,437.0,205313.0,1380.0,0.0,0.1980244796968531,2.0,5971.0,9076.0,48.0,1376.0,1582.0,449.0,0.0,2407148.0,1584.0,67550.82161352038,2520.0,24.0,24.0,301.09090909090907,360.0,73.18181818181819,92.0,48.0,2006.0,0.0,2502071.0,48.0,48.0,0.0,24.0,2.0,0.0,0.0,0.0,0.0,0.0,0.0,0.0,0.0,0.0,0.0,0.0,0.0,0.0,648.0,0.0,123.0,1.0,86004.44057025015
55,3300000000000,0.0,8.0,3.418560606060606,3.0,5.0,1584,0.0,24.0,23.96969696969697,24.0,24.0,1584,0.0,0.0,0.0,0.0,0.0,1584,0.0,8.0,3.418560606060606,3.0,5.0,1584,0.0,0.0,0.0,0.0,0.0,0,0.0,0.0,0.0,0.0,0.0,0,10.552493615286641,274.6588189724853,87.7515820448356,85.81535010937452,160.67844255172918,552,4.2825779242918784,148.79420387530604,67.17787456678926,66.82801724838413,120.12827495772967,552,-94.06277404542487,219.8356285162229,20.573707478046348,14.263806164307798,104.1806897338857,552,1.0,1.6666666666666667,1.0926105417765484,1.0,1.339855072463767,552,1.0,1.8696304862327207,1.1169679816428433,1.04615383881811,1.4235320062500956,552,0.21875,8.0,1.6522228363806448,1.2899159663865547,4.285714285714286,552,0.28249333195681336,7.472185299590574,1.5852184982135762,1.2438395479650666,3.709650174708919,552,0.21875,6.666666666666667,1.50330045044646,1.1889880952380953,3.938888888888881,552,0.28249333195681336,6.044810482434847,1.404597774606283,1.1315331069371726,3.3053028990555084,552,552.0,0.0,0.0,0.0,552.0,552.0,0.0,0.0,0.0,0.0,0.0,0.0,1.0,386.0,0.6992753623188406,552.0,0.0,0.0,1999.8233150690794,1584.0,1584.0,34848.0,114048.0,1.0,7.0,18.0,27.0,27.0,14.0,0.0,322.0,322.0,194673.0,1368.0,0.0,0.20542139896133516,2.0,5921.0,9023.0,46.0,1186.0,1581.0,464.0,0.0,2398812.0,1584.0,66021.37393690646,2529.0,24.0,24.0,301.90909090909093,360.0,76.63636363636364,96.0,24.0,1934.0,0.0,2499959.0,48.0,48.0,0.0,24.0,0.0,0.0,0.0,0.0,0.0,0.0,0.0,0.0,0.0,0.0,0.0,0.0,0.0,0.0,639.0,0.0,129.0,1.0,84132.63941369951
56,3360000000000,1.0,8.0,3.4242424242424243,3.0,5.0,1584,24.0,24.0,24.0,24.0,24.0,1584,0.0,0.0,0.0,0.0,0.0,1584,1.0,8.0,3.4242424242424243,3.0,5.0,1584,0.0,0.0,0.0,0.0,0.0,0,0.0,0.0,0.0,0.0,0.0,0,4.332411983159362,202.6701824646686,83.52351462747865,81.77070237189298,148.3886886026183,552,3.9638584737178406,156.417504804482,67.30899825725002,66.48139526659962,121.68366455105765,552,-92.8994354677265,137.5011667174563,16.214516370228637,14.105995691238835,82.9671340499425,552,1.0,1.6153846153846154,1.066028306693348,1.0,1.25,552,1.0,2.143575432915762,1.0867299409670068,1.0069317905014579,1.341710304283492,552,0.23333333333333334,5.714285714285714,1.5501379018812111,1.2941176470588236,3.5499999999999994,552,0.2876515175729746,5.410176577447305,1.473839781580174,1.230264339087857,3.2682884612116236,552,0.23333333333333334,5.142857142857143,1.4569423753938862,1.2,3.3333333333333335,552,0.2876515175729746,5.410176577447305,1.3578250482740468,1.1362108251930239,2.9842430898729098,552,552.0,0.0,0.0,0.0,552.0,552.0,0.0,0.0,0.0,0.0,0.0,0.0,1.0,404.0,0.7318840579710145,552.0,0.0,0.0,1956.9899532943964,1584.0,1584.0,34848.0,114048.0,1.0,7.0,22.0,37.0,37.0,18.0,0.0,414.0,414.0,187432.0,1368.0,0.0,0.18705984036877374,2.0,5358.0,8295.0,38.0,877.0,1584.0,333.0,0.0,2406160.0,1584.0,65983.80832374096,2532.0,24.0,24.0,302.1818181818182,360.0,73.53030303030303,92.0,0.0,1885.0,0.0,2505047.0,48.0,48.0,0.0,24.0,2.0,0.0,0.0,0.0,0.0,0.0,0.0,0.0,0.0,0.0,0.0,0.0,0.0,0.0,636.0,0.0,137.0,1.0,84095.35074420273
57,3420000000000,0.0,8.0,3.4261363636363638,3.0,5.0,1584,0.0,24.0,23.984848484848484,24.0,24.0,1584,0.0,0.0,0.0,0.0,0.0,1584,0.0,8.0,3.4261363636363638,3.0,5.0,1584,0.0,0.0,0.0,0.0,0.0,0,0.0,0.0,0.0,0.0,0.0,0,10.621991703233705,205.32819436531167,84.00099467278821,81.71980100667137,153.78631929393916,552,4.161998256473817,156.07637624501294,66.98122052060612,65.1218231509359,122.781524451527,552,-90.76080141252298,154.53254531627096,17.019774152182094,13.101136486226999,84.15946838435728,552,1.0,1.5,1.070728071242462,1.0,1.2666666666666666,552,1.0,1.7836654104789451,1.094219248739807,1.0066207578791502,1.3583981731819148,552,0.25806451612903225,5.5,1.5801027936163907,1.2857142857142858,3.75,552,0.2801142246004524,6.197617509514818,1.5140133045865847,1.2271859024420007,3.4471018321430007,552,0.25806451612903225,5.5,1.4788311228304578,1.1952380952380952,3.5,552,0.2801142246004524,5.9992516923832175,1.3829260418620242,1.1254567488565128,3.1128106753790905,552,552.0,0.0,0.0,0.0,552.0,552.0,0.0,0.0,0.0,0.0,0.0,0.0,1.0,397.0,0.7192028985507246,552.0,0.0,0.0,1990.775452926755,1584.0,1584.0,34848.0,114048.0,1.0,7.0,15.0,25.0,25.0,14.0,0.0,322.0,322.0,191063.0,1366.0,0.0,0.1879223083485552,3.0,5720.0,8380.0,39.0,1006.0,1583.0,346.0,0.0,2402846.0,1584.0,66717.73275360465,2526.0,24.0,24.0,301.6363636363636,360.0,76.54545454545455,96.0,24.0,1976.0,0.0,2502327.0,48.0,48.0,0.0,24.0,0.0,0.0,0.0,0.0,0.0,0.0,0.0,0.0,0.0,0.0,0.0,0.0,0.0,0.0,642.0,0.0,106.0,1.0,84927.31975018978
58,3480000000000,1.0,8.0,3.4343434343434343,3.0,5.0,1584,24.0,24.0,24.0,24.0,24.0,1584,0.0,0.0,0.0,0.0,0.0,1584,1.0,8.0,3.4343434343434343,3.0,5.0,1584,0.0,0.0,0.0,0.0,0.0,0,0.0,0.0,0.0,0.0,0.0,0,6.3218021814093195,229.1569287569707,85.98906844546771,83.52609237353153,154.3696529860227,552,4.422124463518025,153.55981466582833,67.81630655119729,67.8014815431358,122.25316547397658,552,-90.70052409953742,178.64042166505743,18.172761894270412,15.534593810453686,82.86363932169834,552,1.0,1.5454545454545454,1.0762553775552621,1.0,1.3,552,1.0,1.7317074933671401,1.1023569800413489,1.0122280889571444,1.3954844889966997,552,0.22580645161290322,8.0,1.562748616495766,1.2857142857142858,3.704166666666661,552,0.26331980237997943,15.803013392986818,1.5229368839887674,1.2299977252942542,3.2608599942566077,552,0.22580645161290322,6.0,1.4527340876367851,1.2105263157894737,3.4,552,0.26331980237997943,10.371528033462104,1.3708098072816963,1.1341718678439876,2.8812655568972754,552,552.0,0.0,0.0,0.0,552.0,552.0,0.0,0.0,0.0,0.0,0.0,0.0,1.0,397.0,0.7192028985507246,552.0,0.0,0.0,1992.1138249337673,1584.0,1584.0,34848.0,114048.0,1.0,7.0,19.0,31.0,31.0,17.0,0.0,391.0,391.0,180423.0,1361.0,0.0,0.17661828037445337,2.0,5520.0,7709.0,44.0,1042.0,1584.0,376.0,0.0,2407480.0,1584.0,67092.36948564649,2537.0,24.0,24.0,302.6363636363636,360.0,76.87878787878788,96.0,0.0,1922.0,0.0,2504446.0,48.0,48.0,0.0,24.0,0.0,0.0,0.0,0.0,0.0,0.0,0.0,0.0,0.0,0.0,0.0,0.0,0.0,0.0,631.0,0.0,131.0,1.0,85363.36881108582
59,3540000000000,1.0,8.0,3.4255050505050506,3.0,5.0,1584,24.0,24.0,24.0,24.0,24.0,1584,0.0,0.0,0.0,0.0,0.0,1584,1.0,8.0,3.4255050505050506,3.0,5.0,1584,0.0,0.0,0.0,0.0,0.0,0,0.0,0.0,0.0,0.0,0.0,0,3.9204426049970875,247.32673979388946,88.2109432705099,85.86136116525083,158.89498197586596,552,3.9204426049970875,165.43642435708426,68.94613509107907,67.40657390860616,125.65425699259747,552,-94.86128602234199,172.99639598645328,19.264808179430833,16.430802082851983,91.06017658167144,552,1.0,1.6153846153846154,1.0828590758738401,1.064516129032258,1.2634782608695647,552,1.0,1.9596123314830167,1.1113825566377156,1.0490918453133535,1.3825796616127282,552,0.25,7.333333333333333,1.5964065879911087,1.2886904761904763,3.954166666666661,552,0.2990023691650291,9.491676574610596,1.5511666307677994,1.2446861438915926,3.662675035978186,552,0.25,6.666666666666667,1.4742924085992524,1.2,3.6299999999999955,552,0.2990023691650291,9.491676574610596,1.394727057140581,1.1362625050624682,3.2115903889180486,552,552.0,0.0,0.0,0.0,552.0,552.0,0.0,0.0,0.0,0.0,0.0,0.0,1.0,393.0,0.7119565217391305,552.0,0.0,0.0,1970.825769007206,1584.0,1584.0,34848.0,114048.0,1.0,7.0,20.0,31.0,31.0,14.0,0.0,322.0,322.0,194624.0,1349.0,0.0,0.17198803847418612,2.0,5934.0,7994.0,35.0,864.0,1584.0,438.0,0.0,2397877.0,1584.0,65739.7888507694,2533.0,24.0,24.0,302.27272727272725,360.0,75.24116161616162,96.0,0.0,2072.0,0.0,2504275.0,48.0,48.0,0.0,24.0,1.0,0.0,0.0,0.0,0.0,0.0,0.0,0.0,0.0,0.0,0.0,0.0,0.0,0.0,635.0,0.0,150.0,1.0,83619.53577958047
